0.499300 0.717800 0.187500 0.549400 0.630700 0.383200 0.557200 0.603900 0.371000
0.557200 0.603900 0.371000 0.506300 0.692300 0.172500 0.499300 0.717800 0.187500
0.499300 0.717800 0.187500 0.558400 0.639800 0.386900 0.549400 0.630700 0.383200
0.558400 0.639800 0.386900 0.499300 0.717800 0.187500 0.507500 0.728300 0.188000
0.507500 0.728300 0.188000 0.576800 0.631100 0.382300 0.558400 0.639800 0.386900
0.576800 0.631100 0.382300 0.507500 0.728300 0.188000 0.524100 0.722500 0.176900
0.524100 0.722500 0.176900 0.597000 0.604500 0.369700 0.576800 0.631100 0.382300
0.597000 0.604500 0.369700 0.524100 0.722500 0.176900 0.542500 0.699200 0.157100
0.376400 0.787100 0.031900 0.499300 0.717800 0.187500 0.506300 0.692300 0.172500
0.506300 0.692300 0.172500 0.381800 0.762600 0.014700 0.376400 0.787100 0.031900
0.376400 0.787100 0.031900 0.507500 0.728300 0.188000 0.499300 0.717800 0.187500
0.507500 0.728300 0.188000 0.376400 0.787100 0.031900 0.382600 0.798700 0.029800
0.382600 0.798700 0.029800 0.524100 0.722500 0.176900 0.507500 0.728300 0.188000
0.524100 0.722500 0.176900 0.382600 0.798700 0.029800 0.395200 0.795300 0.013500
0.395200 0.795300 0.013500 0.542500 0.699200 0.157100 0.524100 0.722500 0.176900
0.542500 0.699200 0.157100 0.395200 0.795300 0.013500 0.409000 0.774400 -0.012000
0.200700 0.808200 -0.087800 0.376400 0.787100 0.031900 0.381800 0.762600 0.014700
0.376400 0.787100 0.031900 0.200700 0.808200 -0.087800 0.197900 0.832100 -0.069200
0.201200 0.844500 -0.072900 0.382600 0.798700 0.029800 0.376400 0.787100 0.031900
0.376400 0.787100 0.031900 0.197900 0.832100 -0.069200 0.201200 0.844500 -0.072900
0.207800 0.842500 -0.092600 0.395200 0.795300 0.013500 0.382600 0.798700 0.029800
0.382600 0.798700 0.029800 0.201200 0.844500 -0.072900 0.207800 0.842500 -0.092600
0.215100 0.823400 -0.121800 0.409000 0.774400 -0.012000 0.395200 0.795300 0.013500
0.395200 0.795300 0.013500 0.207800 0.842500 -0.092600 0.215100 0.823400 -0.121800
-0.019500 0.822700 -0.120300 0.197900 0.832100 -0.069200 0.200700 0.808200 -0.087800
0.197900 0.832100 -0.069200 -0.019500 0.822700 -0.120300 -0.019200 0.846400 -0.101200
-0.019500 0.859000 -0.105500 0.201200 0.844500 -0.072900 0.197900 0.832100 -0.069200
0.197900 0.832100 -0.069200 -0.019200 0.846400 -0.101200 -0.019500 0.859000 -0.105500
-0.020100 0.857500 -0.126200 0.207800 0.842500 -0.092600 0.201200 0.844500 -0.072900
0.201200 0.844500 -0.072900 -0.019500 0.859000 -0.105500 -0.020100 0.857500 -0.126200
-0.020800 0.838800 -0.156600 0.215100 0.823400 -0.121800 0.207800 0.842500 -0.092600
0.207800 0.842500 -0.092600 -0.020100 0.857500 -0.126200 -0.020800 0.838800 -0.156600
-0.239700 0.825900 -0.055200 -0.019200 0.846400 -0.101200 -0.019500 0.822700 -0.120300
-0.019500 0.822700 -0.120300 -0.251700 0.801800 -0.073400 -0.239700 0.825900 -0.055200
-0.239100 0.838200 -0.058900 -0.019500 0.859000 -0.105500 -0.019200 0.846400 -0.101200
-0.019200 0.846400 -0.101200 -0.239700 0.825900 -0.055200 -0.239100 0.838200 -0.058900
-0.245200 0.836100 -0.078100 -0.020100 0.857500 -0.126200 -0.019500 0.859000 -0.105500
-0.019500 0.859000 -0.105500 -0.239100 0.838200 -0.058900 -0.245200 0.836100 -0.078100
-0.253500 0.816700 -0.106900 -0.020800 0.838800 -0.156600 -0.020100 0.857500 -0.126200
-0.020100 0.857500 -0.126200 -0.245200 0.836100 -0.078100 -0.253500 0.816700 -0.106900
-0.409400 0.775900 0.057000 -0.239700 0.825900 -0.055200 -0.251700 0.801800 -0.073400
-0.251700 0.801800 -0.073400 -0.422800 0.751100 0.040400 -0.409400 0.775900 0.057000
-0.412000 0.787400 0.055200 -0.239100 0.838200 -0.058900 -0.239700 0.825900 -0.055200
-0.239700 0.825900 -0.055200 -0.409400 0.775900 0.057000 -0.412000 0.787400 0.055200
-0.424000 0.783600 0.039700 -0.245200 0.836100 -0.078100 -0.239100 0.838200 -0.058900
-0.239100 0.838200 -0.058900 -0.412000 0.787400 0.055200 -0.424000 0.783600 0.039700
-0.438600 0.762400 0.015000 -0.253500 0.816700 -0.106900 -0.245200 0.836100 -0.078100
-0.245200 0.836100 -0.078100 -0.424000 0.783600 0.039700 -0.438600 0.762400 0.015000
-0.516500 0.703400 0.219900 -0.409400 0.775900 0.057000 -0.422800 0.751100 0.040400
-0.422800 0.751100 0.040400 -0.526700 0.677600 0.205500 -0.516500 0.703400 0.219900
-0.523400 0.713700 0.220900 -0.412000 0.787400 0.055200 -0.409400 0.775900 0.057000
-0.409400 0.775900 0.057000 -0.516500 0.703400 0.219900 -0.523400 0.713700 0.220900
-0.540000 0.707400 0.210900 -0.424000 0.783600 0.039700 -0.412000 0.787400 0.055200
-0.412000 0.787400 0.055200 -0.523400 0.713700 0.220900 -0.540000 0.707400 0.210900
-0.558900 0.683500 0.192200 -0.438600 0.762400 0.015000 -0.424000 0.783600 0.039700
-0.424000 0.783600 0.039700 -0.540000 0.707400 0.210900 -0.558900 0.683500 0.192200
-0.549400 0.615100 0.418200 -0.516500 0.703400 0.219900 -0.526700 0.677600 0.205500
-0.526700 0.677600 0.205500 -0.557200 0.588100 0.406500 -0.549400 0.615100 0.418200
-0.558400 0.623900 0.422500 -0.523400 0.713700 0.220900 -0.516500 0.703400 0.219900
-0.516500 0.703400 0.219900 -0.549400 0.615100 0.418200 -0.558400 0.623900 0.422500
-0.576800 0.614700 0.419100 -0.540000 0.707400 0.210900 -0.523400 0.713700 0.220900
-0.523400 0.713700 0.220900 -0.558400 0.623900 0.422500 -0.576800 0.614700 0.419100
-0.597000 0.587600 0.407800 -0.558900 0.683500 0.192200 -0.540000 0.707400 0.210900
-0.540000 0.707400 0.210900 -0.576800 0.614700 0.419100 -0.597000 0.587600 0.407800
-0.499300 0.528000 0.613800 -0.549400 0.615100 0.418200 -0.557200 0.588100 0.406500
-0.557200 0.588100 0.406500 -0.506300 0.499800 0.604900 -0.499300 0.528000 0.613800
-0.499300 0.528000 0.613800 -0.558400 0.623900 0.422500 -0.549400 0.615100 0.418200
-0.558400 0.623900 0.422500 -0.499300 0.528000 0.613800 -0.507500 0.535400 0.621300
-0.507500 0.535400 0.621300 -0.576800 0.614700 0.419100 -0.558400 0.623900 0.422500
-0.576800 0.614700 0.419100 -0.507500 0.535400 0.621300 -0.524100 0.523300 0.624500
-0.524100 0.523300 0.624500 -0.597000 0.587600 0.407800 -0.576800 0.614700 0.419100
-0.597000 0.587600 0.407800 -0.524100 0.523300 0.624500 -0.542500 0.492900 0.620300
-0.376400 0.458700 0.769500 -0.499300 0.528000 0.613800 -0.506300 0.499800 0.604900
-0.506300 0.499800 0.604900 -0.381800 0.429500 0.762700 -0.376400 0.458700 0.769500
-0.376400 0.458700 0.769500 -0.507500 0.535400 0.621300 -0.499300 0.528000 0.613800
-0.507500 0.535400 0.621300 -0.376400 0.458700 0.769500 -0.382600 0.465000 0.779500
-0.382600 0.465000 0.779500 -0.524100 0.523300 0.624500 -0.507500 0.535400 0.621300
-0.524100 0.523300 0.624500 -0.382600 0.465000 0.779500 -0.395200 0.450500 0.787800
-0.395200 0.450500 0.787800 -0.542500 0.492900 0.620300 -0.524100 0.523300 0.624500
-0.542500 0.492900 0.620300 -0.395200 0.450500 0.787800 -0.409000 0.417600 0.789400
-0.200700 0.383900 0.865300 -0.376400 0.458700 0.769500 -0.381800 0.429500 0.762700
-0.376400 0.458700 0.769500 -0.200700 0.383900 0.865300 -0.197900 0.413700 0.870600
-0.201200 0.419200 0.882300 -0.382600 0.465000 0.779500 -0.376400 0.458700 0.769500
-0.376400 0.458700 0.769500 -0.197900 0.413700 0.870600 -0.201200 0.419200 0.882300
-0.207800 0.403300 0.894000 -0.395200 0.450500 0.787800 -0.382600 0.465000 0.779500
-0.382600 0.465000 0.779500 -0.201200 0.419200 0.882300 -0.207800 0.403300 0.894000
-0.215100 0.368700 0.899300 -0.409000 0.417600 0.789400 -0.395200 0.450500 0.787800
-0.395200 0.450500 0.787800 -0.207800 0.403300 0.894000 -0.215100 0.368700 0.899300
0.019500 0.369400 0.897700 -0.197900 0.413700 0.870600 -0.200700 0.383900 0.865300
-0.197900 0.413700 0.870600 0.019500 0.369400 0.897700 0.019200 0.399400 0.902600
0.019500 0.404700 0.914800 -0.201200 0.419200 0.882300 -0.197900 0.413700 0.870600
-0.197900 0.413700 0.870600 0.019200 0.399400 0.902600 0.019500 0.404700 0.914800
0.020100 0.388300 0.927600 -0.207800 0.403300 0.894000 -0.201200 0.419200 0.882300
-0.201200 0.419200 0.882300 0.019500 0.404700 0.914800 0.020100 0.388300 0.927600
0.020800 0.353200 0.934100 -0.215100 0.368700 0.899300 -0.207800 0.403300 0.894000
-0.207800 0.403300 0.894000 0.020100 0.388300 0.927600 0.020800 0.353200 0.934100
0.233300 0.419800 0.856800 0.019200 0.399400 0.902600 0.019500 0.369400 0.897700
0.019500 0.369400 0.897700 0.236600 0.390100 0.851300 0.233300 0.419800 0.856800
0.233300 0.419800 0.856800 0.019500 0.404700 0.914800 0.019200 0.399400 0.902600
0.019500 0.404700 0.914800 0.233300 0.419800 0.856800 0.237200 0.425400 0.868300
0.237200 0.425400 0.868300 0.020100 0.388300 0.927600 0.019500 0.404700 0.914800
0.020100 0.388300 0.927600 0.237200 0.425400 0.868300 0.245000 0.409700 0.879500
0.245000 0.409700 0.879500 0.020800 0.353200 0.934100 0.020100 0.388300 0.927600
0.020800 0.353200 0.934100 0.245000 0.409700 0.879500 0.253500 0.375400 0.884300
0.403700 0.469800 0.744600 0.233300 0.419800 0.856800 0.236600 0.390100 0.851300
0.236600 0.390100 0.851300 0.409400 0.440800 0.737500 0.403700 0.469800 0.744600
0.403700 0.469800 0.744600 0.237200 0.425400 0.868300 0.233300 0.419800 0.856800
0.237200 0.425400 0.868300 0.403700 0.469800 0.744600 0.410300 0.476200 0.754200
0.410300 0.476200 0.754200 0.245000 0.409700 0.879500 0.237200 0.425400 0.868300
0.245000 0.409700 0.879500 0.410300 0.476200 0.754200 0.423800 0.462200 0.761700
0.423800 0.462200 0.761700 0.253500 0.375400 0.884300 0.245000 0.409700 0.879500
0.253500 0.375400 0.884300 0.423800 0.462200 0.761700 0.438600 0.429700 0.762400
0.521600 0.514400 0.572100 0.403700 0.469800 0.744600 0.409400 0.440800 0.737500
0.403700 0.469800 0.744600 0.521600 0.514400 0.572100 0.514300 0.542400 0.581500
0.522800 0.550000 0.588500 0.410300 0.476200 0.754200 0.403700 0.469800 0.744600
0.403700 0.469800 0.744600 0.514300 0.542400 0.581500 0.522800 0.550000 0.588500
0.540000 0.538400 0.590500 0.423800 0.462200 0.761700 0.410300 0.476200 0.754200
0.410300 0.476200 0.754200 0.522800 0.550000 0.588500 0.540000 0.538400 0.590500
0.558900 0.508600 0.585200 0.438600 0.429700 0.762400 0.423800 0.462200 0.761700
0.423800 0.462200 0.761700 0.540000 0.538400 0.590500 0.558900 0.508600 0.585200
0.557200 0.603900 0.371000 0.514300 0.542400 0.581500 0.521600 0.514400 0.572100
0.514300 0.542400 0.581500 0.557200 0.603900 0.371000 0.549400 0.630700 0.383200
0.558400 0.639800 0.386900 0.522800 0.550000 0.588500 0.514300 0.542400 0.581500
0.514300 0.542400 0.581500 0.549400 0.630700 0.383200 0.558400 0.639800 0.386900
0.576800 0.631100 0.382300 0.540000 0.538400 0.590500 0.522800 0.550000 0.588500
0.522800 0.550000 0.588500 0.558400 0.639800 0.386900 0.576800 0.631100 0.382300
0.597000 0.604500 0.369700 0.558900 0.508600 0.585200 0.540000 0.538400 0.590500
0.540000 0.538400 0.590500 0.576800 0.631100 0.382300 0.597000 0.604500 0.369700
0.542500 0.699200 0.157100 0.670000 0.462700 0.303800 0.597000 0.604500 0.369700
0.670000 0.462700 0.303800 0.542500 0.699200 0.157100 0.608900 0.569000 0.065200
0.608900 0.569000 0.065200 0.733800 0.323400 0.239300 0.670000 0.462700 0.303800
0.733800 0.323400 0.239300 0.608900 0.569000 0.065200 0.666800 0.439700 -0.022000
0.666800 0.439700 -0.022000 0.778800 0.188900 0.177700 0.733800 0.323400 0.239300
0.778800 0.188900 0.177700 0.666800 0.439700 -0.022000 0.707800 0.312400 -0.099700
0.707800 0.312400 -0.099700 0.795900 0.061700 0.120400 0.778800 0.188900 0.177700
0.795900 0.061700 0.120400 0.707800 0.312400 -0.099700 0.723400 0.187800 -0.163100
-0.670000 0.443700 0.346500 -0.627300 0.551400 0.104600 -0.558900 0.683500 0.192200
-0.558900 0.683500 0.192200 -0.597000 0.587600 0.407800 -0.670000 0.443700 0.346500
-0.542500 0.492900 0.620300 -0.670000 0.443700 0.346500 -0.597000 0.587600 0.407800
-0.670000 0.443700 0.346500 -0.542500 0.492900 0.620300 -0.608900 0.337500 0.585100
-0.608900 0.337500 0.585100 -0.733800 0.302500 0.286100 -0.670000 0.443700 0.346500
-0.733800 0.302500 0.286100 -0.608900 0.337500 0.585100 -0.666800 0.186200 0.547400
-0.666800 0.186200 0.547400 -0.778800 0.166800 0.227400 -0.733800 0.302500 0.286100
-0.778800 0.166800 0.227400 -0.666800 0.186200 0.547400 -0.707800 0.043300 0.504700
-0.707800 0.043300 0.504700 -0.795900 0.039000 0.171200 -0.778800 0.166800 0.227400
-0.795900 0.039000 0.171200 -0.707800 0.043300 0.504700 -0.723400 -0.087100 0.454600
-0.409000 0.417600 0.789400 -0.608900 0.337500 0.585100 -0.542500 0.492900 0.620300
-0.608900 0.337500 0.585100 -0.409000 0.417600 0.789400 -0.459100 0.253000 0.774900
-0.459100 0.253000 0.774900 -0.666800 0.186200 0.547400 -0.608900 0.337500 0.585100
-0.666800 0.186200 0.547400 -0.459100 0.253000 0.774900 -0.502800 0.093700 0.755200
-0.502800 0.093700 0.755200 -0.707800 0.043300 0.504700 -0.666800 0.186200 0.547400
-0.707800 0.043300 0.504700 -0.502800 0.093700 0.755200 -0.533700 -0.055000 0.725300
-0.533700 -0.055000 0.725300 -0.723400 -0.087100 0.454600 -0.707800 0.043300 0.504700
-0.723400 -0.087100 0.454600 -0.533700 -0.055000 0.725300 -0.545400 -0.187500 0.680100
-0.241400 0.198100 0.898200 -0.459100 0.253000 0.774900 -0.409000 0.417600 0.789400
-0.409000 0.417600 0.789400 -0.215100 0.368700 0.899300 -0.241400 0.198100 0.898200
-0.264400 0.033600 0.890300 -0.502800 0.093700 0.755200 -0.459100 0.253000 0.774900
-0.459100 0.253000 0.774900 -0.241400 0.198100 0.898200 -0.264400 0.033600 0.890300
-0.280600 -0.118800 0.868600 -0.533700 -0.055000 0.725300 -0.502800 0.093700 0.755200
-0.502800 0.093700 0.755200 -0.264400 0.033600 0.890300 -0.280600 -0.118800 0.868600
-0.286800 -0.252700 0.826500 -0.545400 -0.187500 0.680100 -0.533700 -0.055000 0.725300
-0.533700 -0.055000 0.725300 -0.280600 -0.118800 0.868600 -0.286800 -0.252700 0.826500
0.023400 0.180700 0.937200 -0.241400 0.198100 0.898200 -0.215100 0.368700 0.899300
-0.215100 0.368700 0.899300 0.020800 0.353200 0.934100 0.023400 0.180700 0.937200
0.025600 0.014500 0.933000 -0.264400 0.033600 0.890300 -0.241400 0.198100 0.898200
-0.241400 0.198100 0.898200 0.023400 0.180700 0.937200 0.025600 0.014500 0.933000
0.027200 -0.139000 0.914000 -0.280600 -0.118800 0.868600 -0.264400 0.033600 0.890300
-0.264400 0.033600 0.890300 0.025600 0.014500 0.933000 0.027200 -0.139000 0.914000
0.027800 -0.273400 0.872900 -0.286800 -0.252700 0.826500 -0.280600 -0.118800 0.868600
-0.280600 -0.118800 0.868600 0.027200 -0.139000 0.914000 0.027800 -0.273400 0.872900
0.253500 0.375400 0.884300 0.023400 0.180700 0.937200 0.020800 0.353200 0.934100
0.023400 0.180700 0.937200 0.253500 0.375400 0.884300 0.284600 0.205500 0.881400
0.284600 0.205500 0.881400 0.025600 0.014500 0.933000 0.023400 0.180700 0.937200
0.025600 0.014500 0.933000 0.284600 0.205500 0.881400 0.311600 0.041700 0.871900
0.311600 0.041700 0.871900 0.027200 -0.139000 0.914000 0.025600 0.014500 0.933000
0.027200 -0.139000 0.914000 0.311600 0.041700 0.871900 0.330800 -0.110100 0.849100
0.330800 -0.110100 0.849100 0.027800 -0.273400 0.872900 0.027200 -0.139000 0.914000
0.027800 -0.273400 0.872900 0.330800 -0.110100 0.849100 0.338100 -0.243900 0.806600
0.438600 0.429700 0.762400 0.284600 0.205500 0.881400 0.253500 0.375400 0.884300
0.284600 0.205500 0.881400 0.438600 0.429700 0.762400 0.492300 0.266500 0.744600
0.492300 0.266500 0.744600 0.311600 0.041700 0.871900 0.284600 0.205500 0.881400
0.311600 0.041700 0.871900 0.492300 0.266500 0.744600 0.539200 0.108500 0.722000
0.539200 0.108500 0.722000 0.330800 -0.110100 0.849100 0.311600 0.041700 0.871900
0.330800 -0.110100 0.849100 0.539200 0.108500 0.722000 0.572300 -0.039200 0.690100
0.572300 -0.039200 0.690100 0.338100 -0.243900 0.806600 0.330800 -0.110100 0.849100
0.338100 -0.243900 0.806600 0.572300 -0.039200 0.690100 0.584900 -0.171500 0.644000
0.627300 0.355000 0.545700 0.492300 0.266500 0.744600 0.438600 0.429700 0.762400
0.438600 0.429700 0.762400 0.558900 0.508600 0.585200 0.627300 0.355000 0.545700
0.687000 0.205400 0.504200 0.539200 0.108500 0.722000 0.492300 0.266500 0.744600
0.492300 0.266500 0.744600 0.627300 0.355000 0.545700 0.687000 0.205400 0.504200
0.729200 0.063700 0.458900 0.572300 -0.039200 0.690100 0.539200 0.108500 0.722000
0.539200 0.108500 0.722000 0.687000 0.205400 0.504200 0.729200 0.063700 0.458900
0.745200 -0.066300 0.407700 0.584900 -0.171500 0.644000 0.572300 -0.039200 0.690100
0.572300 -0.039200 0.690100 0.729200 0.063700 0.458900 0.745200 -0.066300 0.407700
0.670000 0.462700 0.303800 0.627300 0.355000 0.545700 0.558900 0.508600 0.585200
0.558900 0.508600 0.585200 0.597000 0.604500 0.369700 0.670000 0.462700 0.303800
0.733800 0.323400 0.239300 0.687000 0.205400 0.504200 0.627300 0.355000 0.545700
0.627300 0.355000 0.545700 0.670000 0.462700 0.303800 0.733800 0.323400 0.239300
0.778800 0.188900 0.177700 0.729200 0.063700 0.458900 0.687000 0.205400 0.504200
0.687000 0.205400 0.504200 0.733800 0.323400 0.239300 0.778800 0.188900 0.177700
0.795900 0.061700 0.120400 0.745200 -0.066300 0.407700 0.729200 0.063700 0.458900
0.729200 0.063700 0.458900 0.778800 0.188900 0.177700 0.795900 0.061700 0.120400
0.695100 0.074600 -0.199000 0.764900 -0.046600 0.073400 0.795900 0.061700 0.120400
0.795900 0.061700 0.120400 0.723400 0.187800 -0.163100 0.695100 0.074600 -0.199000
0.632900 -0.016900 -0.208000 0.696500 -0.127300 0.040000 0.764900 -0.046600 0.073400
0.764900 -0.046600 0.073400 0.695100 0.074600 -0.199000 0.632900 -0.016900 -0.208000
0.570800 -0.082900 -0.205500 0.628100 -0.182500 0.018100 0.696500 -0.127300 0.040000
0.696500 -0.127300 0.040000 0.632900 -0.016900 -0.208000 0.570800 -0.082900 -0.205500
0.542500 -0.119400 -0.207300 0.597000 -0.214000 0.005300 0.628100 -0.182500 0.018100
0.628100 -0.182500 0.018100 0.570800 -0.082900 -0.205500 0.542500 -0.119400 -0.207300
-0.764900 -0.068400 0.122200 -0.652000 -0.035200 -0.167000 -0.716100 0.054600 -0.154000
-0.652000 -0.035200 -0.167000 -0.764900 -0.068400 0.122200 -0.696500 -0.147100 0.084500
-0.696500 -0.147100 0.084500 -0.588000 -0.099300 -0.168600 -0.652000 -0.035200 -0.167000
-0.588000 -0.099300 -0.168600 -0.696500 -0.147100 0.084500 -0.628100 -0.200300 0.058200
-0.628100 -0.200300 0.058200 -0.558900 -0.135000 -0.172200 -0.588000 -0.099300 -0.168600
-0.558900 -0.135000 -0.172200 -0.628100 -0.200300 0.058200 -0.597000 -0.231000 0.043300
-0.695100 -0.189600 0.394500 -0.764900 -0.068400 0.122200 -0.795900 0.039000 0.171200
-0.795900 0.039000 0.171200 -0.723400 -0.087100 0.454600 -0.695100 -0.189600 0.394500
-0.632900 -0.257500 0.332500 -0.696500 -0.147100 0.084500 -0.764900 -0.068400 0.122200
-0.764900 -0.068400 0.122200 -0.695100 -0.189600 0.394500 -0.632900 -0.257500 0.332500
-0.570800 -0.299900 0.281800 -0.628100 -0.200300 0.058200 -0.696500 -0.147100 0.084500
-0.696500 -0.147100 0.084500 -0.632900 -0.257500 0.332500 -0.570800 -0.299900 0.281800
-0.542500 -0.325600 0.255900 -0.597000 -0.231000 0.043300 -0.628100 -0.200300 0.058200
-0.628100 -0.200300 0.058200 -0.570800 -0.299900 0.281800 -0.542500 -0.325600 0.255900
-0.524100 -0.286100 0.611200 -0.695100 -0.189600 0.394500 -0.723400 -0.087100 0.454600
-0.723400 -0.087100 0.454600 -0.545400 -0.187500 0.680100 -0.524100 -0.286100 0.611200
-0.477200 -0.345400 0.529800 -0.632900 -0.257500 0.332500 -0.695100 -0.189600 0.394500
-0.695100 -0.189600 0.394500 -0.524100 -0.286100 0.611200 -0.477200 -0.345400 0.529800
-0.430300 -0.379100 0.459700 -0.570800 -0.299900 0.281800 -0.632900 -0.257500 0.332500
-0.632900 -0.257500 0.332500 -0.477200 -0.345400 0.529800 -0.430300 -0.379100 0.459700
-0.409000 -0.400900 0.425000 -0.542500 -0.325600 0.255900 -0.570800 -0.299900 0.281800
-0.570800 -0.299900 0.281800 -0.430300 -0.379100 0.459700 -0.409000 -0.400900 0.425000
-0.286800 -0.252700 0.826500 -0.524100 -0.286100 0.611200 -0.545400 -0.187500 0.680100
-0.524100 -0.286100 0.611200 -0.286800 -0.252700 0.826500 -0.275600 -0.348800 0.751900
-0.275600 -0.348800 0.751900 -0.477200 -0.345400 0.529800 -0.524100 -0.286100 0.611200
-0.477200 -0.345400 0.529800 -0.275600 -0.348800 0.751900 -0.250900 -0.402400 0.657900
-0.250900 -0.402400 0.657900 -0.430300 -0.379100 0.459700 -0.477200 -0.345400 0.529800
-0.430300 -0.379100 0.459700 -0.250900 -0.402400 0.657900 -0.226300 -0.430500 0.575300
-0.226300 -0.430500 0.575300 -0.409000 -0.400900 0.425000 -0.430300 -0.379100 0.459700
-0.409000 -0.400900 0.425000 -0.226300 -0.430500 0.575300 -0.215100 -0.449800 0.534900
0.027800 -0.273400 0.872900 -0.275600 -0.348800 0.751900 -0.286800 -0.252700 0.826500
-0.275600 -0.348800 0.751900 0.027800 -0.273400 0.872900 0.026700 -0.368600 0.796500
0.026700 -0.368600 0.796500 -0.250900 -0.402400 0.657900 -0.275600 -0.348800 0.751900
-0.250900 -0.402400 0.657900 0.026700 -0.368600 0.796500 0.024300 -0.420500 0.698500
0.024300 -0.420500 0.698500 -0.226300 -0.430500 0.575300 -0.250900 -0.402400 0.657900
-0.226300 -0.430500 0.575300 0.024300 -0.420500 0.698500 0.021900 -0.446800 0.611900
0.021900 -0.446800 0.611900 -0.215100 -0.449800 0.534900 -0.226300 -0.430500 0.575300
-0.215100 -0.449800 0.534900 0.021900 -0.446800 0.611900 0.020800 -0.465300 0.569600
0.324800 -0.340200 0.732800 0.026700 -0.368600 0.796500 0.027800 -0.273400 0.872900
0.027800 -0.273400 0.872900 0.338100 -0.243900 0.806600 0.324800 -0.340200 0.732800
0.295800 -0.394700 0.640500 0.024300 -0.420500 0.698500 0.026700 -0.368600 0.796500
0.026700 -0.368600 0.796500 0.324800 -0.340200 0.732800 0.295800 -0.394700 0.640500
0.266700 -0.423500 0.559600 0.021900 -0.446800 0.611900 0.024300 -0.420500 0.698500
0.024300 -0.420500 0.698500 0.295800 -0.394700 0.640500 0.266700 -0.423500 0.559600
0.253500 -0.443200 0.519900 0.020800 -0.465300 0.569600 0.021900 -0.446800 0.611900
0.021900 -0.446800 0.611900 0.266700 -0.423500 0.559600 0.253500 -0.443200 0.519900
0.562000 -0.270700 0.576500 0.324800 -0.340200 0.732800 0.338100 -0.243900 0.806600
0.338100 -0.243900 0.806600 0.584900 -0.171500 0.644000 0.562000 -0.270700 0.576500
0.511800 -0.331300 0.498200 0.295800 -0.394700 0.640500 0.324800 -0.340200 0.732800
0.324800 -0.340200 0.732800 0.562000 -0.270700 0.576500 0.511800 -0.331300 0.498200
0.461500 -0.366400 0.431300 0.266700 -0.423500 0.559600 0.295800 -0.394700 0.640500
0.295800 -0.394700 0.640500 0.511800 -0.331300 0.498200 0.461500 -0.366400 0.431300
0.438600 -0.388900 0.398000 0.253500 -0.443200 0.519900 0.266700 -0.423500 0.559600
0.266700 -0.423500 0.559600 0.461500 -0.366400 0.431300 0.438600 -0.388900 0.398000
0.745200 -0.066300 0.407700 0.562000 -0.270700 0.576500 0.584900 -0.171500 0.644000
0.562000 -0.270700 0.576500 0.745200 -0.066300 0.407700 0.716100 -0.169600 0.349500
0.716100 -0.169600 0.349500 0.511800 -0.331300 0.498200 0.562000 -0.270700 0.576500
0.511800 -0.331300 0.498200 0.716100 -0.169600 0.349500 0.652000 -0.239300 0.291500
0.652000 -0.239300 0.291500 0.461500 -0.366400 0.431300 0.511800 -0.331300 0.498200
0.461500 -0.366400 0.431300 0.652000 -0.239300 0.291500 0.588000 -0.283400 0.244900
0.588000 -0.283400 0.244900 0.438600 -0.388900 0.398000 0.461500 -0.366400 0.431300
0.438600 -0.388900 0.398000 0.588000 -0.283400 0.244900 0.558900 -0.310000 0.220800
0.795900 0.061700 0.120400 0.716100 -0.169600 0.349500 0.745200 -0.066300 0.407700
0.716100 -0.169600 0.349500 0.795900 0.061700 0.120400 0.764900 -0.046600 0.073400
0.764900 -0.046600 0.073400 0.652000 -0.239300 0.291500 0.716100 -0.169600 0.349500
0.652000 -0.239300 0.291500 0.764900 -0.046600 0.073400 0.696500 -0.127300 0.040000
0.696500 -0.127300 0.040000 0.588000 -0.283400 0.244900 0.652000 -0.239300 0.291500
0.588000 -0.283400 0.244900 0.696500 -0.127300 0.040000 0.628100 -0.182500 0.018100
0.628100 -0.182500 0.018100 0.558900 -0.310000 0.220800 0.588000 -0.283400 0.244900
0.558900 -0.310000 0.220800 0.628100 -0.182500 0.018100 0.597000 -0.214000 0.005300
0.530200 -0.141700 -0.211000 0.583400 -0.234200 -0.003200 0.597000 -0.214000 0.005300
0.597000 -0.214000 0.005300 0.542500 -0.119400 -0.207300 0.530200 -0.141700 -0.211000
-0.597000 -0.231000 0.043300 -0.546200 -0.157000 -0.176700 -0.558900 -0.135000 -0.172200
-0.546200 -0.157000 -0.176700 -0.597000 -0.231000 0.043300 -0.583400 -0.250800 0.034000
-0.530200 -0.343300 0.241700 -0.583400 -0.250800 0.034000 -0.597000 -0.231000 0.043300
-0.597000 -0.231000 0.043300 -0.542500 -0.325600 0.255900 -0.530200 -0.343300 0.241700
-0.399800 -0.416900 0.407000 -0.530200 -0.343300 0.241700 -0.542500 -0.325600 0.255900
-0.542500 -0.325600 0.255900 -0.409000 -0.400900 0.425000 -0.399800 -0.416900 0.407000
-0.215100 -0.449800 0.534900 -0.399800 -0.416900 0.407000 -0.409000 -0.400900 0.425000
-0.399800 -0.416900 0.407000 -0.215100 -0.449800 0.534900 -0.210200 -0.464700 0.514400
0.020800 -0.465300 0.569600 -0.210200 -0.464700 0.514400 -0.215100 -0.449800 0.534900
-0.210200 -0.464700 0.514400 0.020800 -0.465300 0.569600 0.020400 -0.479800 0.548400
0.247800 -0.458200 0.499800 0.020400 -0.479800 0.548400 0.020800 -0.465300 0.569600
0.020800 -0.465300 0.569600 0.253500 -0.443200 0.519900 0.247800 -0.458200 0.499800
0.428700 -0.405100 0.380600 0.247800 -0.458200 0.499800 0.253500 -0.443200 0.519900
0.253500 -0.443200 0.519900 0.438600 -0.388900 0.398000 0.428700 -0.405100 0.380600
0.558900 -0.310000 0.220800 0.428700 -0.405100 0.380600 0.438600 -0.388900 0.398000
0.428700 -0.405100 0.380600 0.558900 -0.310000 0.220800 0.546200 -0.328000 0.207400
0.597000 -0.214000 0.005300 0.546200 -0.328000 0.207400 0.558900 -0.310000 0.220800
0.546200 -0.328000 0.207400 0.597000 -0.214000 0.005300 0.583400 -0.234200 -0.003200
-0.830600 0.486500 0.298100 -0.822700 0.446600 0.353700 -0.636800 0.450600 0.348300
-0.636800 0.450600 0.348300 -0.632900 0.490800 0.292400 -0.830600 0.486500 0.298100
-0.975700 0.474100 0.298100 -0.960100 0.435700 0.354100 -0.822700 0.446600 0.353700
-0.822700 0.446600 0.353700 -0.830600 0.486500 0.298100 -0.975700 0.474100 0.298100
-1.065000 0.444700 0.288500 -1.045300 0.410200 0.346000 -0.960100 0.435700 0.354100
-0.960100 0.435700 0.354100 -0.975700 0.474100 0.298100 -1.065000 0.444700 0.288500
-1.095500 0.389500 0.265100 -1.074500 0.362500 0.325800 -1.045300 0.410200 0.346000
-1.045300 0.410200 0.346000 -1.065000 0.444700 0.288500 -1.095500 0.389500 0.265100
-0.854900 0.541500 0.323500 -0.843500 0.523100 0.290400 -0.620000 0.528200 0.284100
-0.620000 0.528200 0.284100 -0.605500 0.547400 0.316600 -0.854900 0.541500 0.323500
-1.033800 0.522500 0.321900 -1.005500 0.507400 0.289600 -0.843500 0.523100 0.290400
-0.843500 0.523100 0.290400 -0.854900 0.541500 0.323500 -1.033800 0.522500 0.321900
-1.141600 0.476100 0.305400 -1.104100 0.469500 0.276500 -1.005500 0.507400 0.289600
-1.005500 0.507400 0.289600 -1.033800 0.522500 0.321900 -1.141600 0.476100 0.305400
-0.858100 0.526700 0.390700 -0.854900 0.541500 0.323500 -0.605500 0.547400 0.316600
-0.605500 0.547400 0.316600 -0.597000 0.533000 0.383500 -0.858100 0.526700 0.390700
-1.044700 0.506200 0.388600 -1.033800 0.522500 0.321900 -0.854900 0.541500 0.323500
-0.854900 0.541500 0.323500 -0.858100 0.526700 0.390700 -1.044700 0.506200 0.388600
-1.156600 0.456000 0.370600 -1.141600 0.476100 0.305400 -1.033800 0.522500 0.321900
-1.033800 0.522500 0.321900 -1.044700 0.506200 0.388600 -1.156600 0.456000 0.370600
-1.193900 0.360800 0.329600 -1.177600 0.388400 0.267700 -1.141600 0.476100 0.305400
-1.141600 0.476100 0.305400 -1.156600 0.456000 0.370600 -1.193900 0.360800 0.329600
-0.850200 0.486900 0.446200 -0.858100 0.526700 0.390700 -0.597000 0.533000 0.383500
-0.597000 0.533000 0.383500 -0.600800 0.492800 0.439300 -0.850200 0.486900 0.446200
-1.029100 0.467800 0.444600 -1.044700 0.506200 0.388600 -0.858100 0.526700 0.390700
-0.858100 0.526700 0.390700 -0.850200 0.486900 0.446200 -1.029100 0.467800 0.444600
-1.136900 0.421500 0.428100 -1.156600 0.456000 0.370600 -1.044700 0.506200 0.388600
-1.044700 0.506200 0.388600 -1.029100 0.467800 0.444600 -1.136900 0.421500 0.428100
-1.172900 0.333800 0.390400 -1.193900 0.360800 0.329600 -1.156600 0.456000 0.370600
-1.156600 0.456000 0.370600 -1.136900 0.421500 0.428100 -1.172900 0.333800 0.390400
-0.837300 0.450300 0.454000 -0.850200 0.486900 0.446200 -0.600800 0.492800 0.439300
-0.600800 0.492800 0.439300 -0.613700 0.455400 0.447700 -0.837300 0.450300 0.454000
-0.999300 0.434500 0.453200 -1.029100 0.467800 0.444600 -0.850200 0.486900 0.446200
-0.850200 0.486900 0.446200 -0.837300 0.450300 0.454000 -0.999300 0.434500 0.453200
-1.097800 0.396700 0.440100 -1.136900 0.421500 0.428100 -1.029100 0.467800 0.444600
-1.029100 0.467800 0.444600 -0.999300 0.434500 0.453200 -1.097800 0.396700 0.440100
-1.131100 0.325200 0.409500 -1.172900 0.333800 0.390400 -1.136900 0.421500 0.428100
-1.136900 0.421500 0.428100 -1.097800 0.396700 0.440100 -1.131100 0.325200 0.409500
-0.825900 0.431800 0.420800 -0.837300 0.450300 0.454000 -0.613700 0.455400 0.447700
-0.613700 0.455400 0.447700 -0.628200 0.436100 0.415200 -0.825900 0.431800 0.420800
-0.971000 0.419400 0.420800 -0.999300 0.434500 0.453200 -0.837300 0.450300 0.454000
-0.837300 0.450300 0.454000 -0.825900 0.431800 0.420800 -0.971000 0.419400 0.420800
-1.060400 0.390100 0.411200 -1.097800 0.396700 0.440100 -0.999300 0.434500 0.453200
-0.999300 0.434500 0.453200 -0.971000 0.419400 0.420800 -1.060400 0.390100 0.411200
-1.090800 0.334900 0.387800 -1.131100 0.325200 0.409500 -1.097800 0.396700 0.440100
-1.097800 0.396700 0.440100 -1.060400 0.390100 0.411200 -1.090800 0.334900 0.387800
-0.822700 0.446600 0.353700 -0.825900 0.431800 0.420800 -0.628200 0.436100 0.415200
-0.628200 0.436100 0.415200 -0.636800 0.450600 0.348300 -0.822700 0.446600 0.353700
-0.960100 0.435700 0.354100 -0.971000 0.419400 0.420800 -0.825900 0.431800 0.420800
-0.825900 0.431800 0.420800 -0.822700 0.446600 0.353700 -0.960100 0.435700 0.354100
-1.045300 0.410200 0.346000 -1.060400 0.390100 0.411200 -0.971000 0.419400 0.420800
-0.971000 0.419400 0.420800 -0.960100 0.435700 0.354100 -1.045300 0.410200 0.346000
-1.074500 0.362500 0.325800 -1.090800 0.334900 0.387800 -1.060400 0.390100 0.411200
-1.060400 0.390100 0.411200 -1.045300 0.410200 0.346000 -1.074500 0.362500 0.325800
-1.078300 0.308500 0.228300 -1.059000 0.288500 0.292300 -1.074500 0.362500 0.325800
-1.074500 0.362500 0.325800 -1.095500 0.389500 0.265100 -1.078300 0.308500 0.228300
-1.024300 0.215900 0.185000 -1.009900 0.199700 0.250900 -1.059000 0.288500 0.292300
-1.059000 0.288500 0.292300 -1.078300 0.308500 0.228300 -1.024300 0.215900 0.185000
-0.930000 0.125200 0.141000 -0.923400 0.111400 0.208300 -1.009900 0.199700 0.250900
-1.009900 0.199700 0.250900 -1.024300 0.215900 0.185000 -0.930000 0.125200 0.141000
-0.792100 0.049400 0.102000 -0.795900 0.039000 0.171200 -0.923400 0.111400 0.208300
-0.923400 0.111400 0.208300 -0.930000 0.125200 0.141000 -0.792100 0.049400 0.102000
-0.779200 0.021200 0.064400 -0.792100 0.049400 0.102000 -0.930000 0.125200 0.141000
-0.930000 0.125200 0.141000 -0.940100 0.104500 0.107700 -0.779200 0.021200 0.064400
-1.167500 0.241200 0.275400 -1.152900 0.275900 0.216700 -1.177600 0.388400 0.267700
-1.177600 0.388400 0.267700 -1.193900 0.360800 0.329600 -1.167500 0.241200 0.275400
-1.087000 0.128700 0.222200 -1.077300 0.167100 0.165300 -1.152900 0.275900 0.216700
-1.152900 0.275900 0.216700 -1.167500 0.241200 0.275400 -1.087000 0.128700 0.222200
-0.950500 0.024700 0.170700 -0.948600 0.065600 0.115200 -1.077300 0.167100 0.165300
-1.077300 0.167100 0.165300 -1.087000 0.128700 0.222200 -0.950500 0.024700 0.170700
-0.756200 -0.069500 0.121300 -0.764700 -0.025200 0.067700 -0.948600 0.065600 0.115200
-0.948600 0.065600 0.115200 -0.950500 0.024700 0.170700 -0.756200 -0.069500 0.121300
-1.148200 0.221300 0.339400 -1.167500 0.241200 0.275400 -1.193900 0.360800 0.329600
-1.193900 0.360800 0.329600 -1.172900 0.333800 0.390400 -1.148200 0.221300 0.339400
-1.072600 0.112500 0.288000 -1.087000 0.128700 0.222200 -1.167500 0.241200 0.275400
-1.167500 0.241200 0.275400 -1.148200 0.221300 0.339400 -1.072600 0.112500 0.288000
-0.943900 0.010900 0.237900 -0.950500 0.024700 0.170700 -1.087000 0.128700 0.222200
-1.087000 0.128700 0.222200 -1.072600 0.112500 0.288000 -0.943900 0.010900 0.237900
-0.760000 -0.079900 0.190400 -0.756200 -0.069500 0.121300 -0.950500 0.024700 0.170700
-0.950500 0.024700 0.170700 -0.943900 0.010900 0.237900 -0.760000 -0.079900 0.190400
-1.110100 0.228400 0.365600 -1.148200 0.221300 0.339400 -1.172900 0.333800 0.390400
-1.172900 0.333800 0.390400 -1.131100 0.325200 0.409500 -1.110100 0.228400 0.365600
-1.045300 0.127800 0.318300 -1.072600 0.112500 0.288000 -1.148200 0.221300 0.339400
-1.148200 0.221300 0.339400 -1.110100 0.228400 0.365600 -1.045300 0.127800 0.318300
-0.933800 0.031600 0.271300 -0.943900 0.010900 0.237900 -1.072600 0.112500 0.288000
-1.072600 0.112500 0.288000 -1.045300 0.127800 0.318300 -0.933800 0.031600 0.271300
-0.772900 -0.051700 0.228000 -0.760000 -0.079900 0.190400 -0.943900 0.010900 0.237900
-0.943900 0.010900 0.237900 -0.933800 0.031600 0.271300 -0.772900 -0.051700 0.228000
-1.073600 0.253800 0.351000 -1.110100 0.228400 0.365600 -1.131100 0.325200 0.409500
-1.131100 0.325200 0.409500 -1.090800 0.334900 0.387800 -1.073600 0.253800 0.351000
-1.019600 0.161300 0.307700 -1.045300 0.127800 0.318300 -1.110100 0.228400 0.365600
-1.110100 0.228400 0.365600 -1.073600 0.253800 0.351000 -1.019600 0.161300 0.307700
-0.925300 0.070500 0.263700 -0.933800 0.031600 0.271300 -1.045300 0.127800 0.318300
-1.045300 0.127800 0.318300 -1.019600 0.161300 0.307700 -0.925300 0.070500 0.263700
-0.787400 -0.005200 0.224700 -0.772900 -0.051700 0.228000 -0.933800 0.031600 0.271300
-0.933800 0.031600 0.271300 -0.925300 0.070500 0.263700 -0.787400 -0.005200 0.224700
-1.059000 0.288500 0.292300 -1.073600 0.253800 0.351000 -1.090800 0.334900 0.387800
-1.090800 0.334900 0.387800 -1.074500 0.362500 0.325800 -1.059000 0.288500 0.292300
-1.009900 0.199700 0.250900 -1.019600 0.161300 0.307700 -1.073600 0.253800 0.351000
-1.073600 0.253800 0.351000 -1.059000 0.288500 0.292300 -1.009900 0.199700 0.250900
-0.923400 0.111400 0.208300 -0.925300 0.070500 0.263700 -1.019600 0.161300 0.307700
-1.019600 0.161300 0.307700 -1.009900 0.199700 0.250900 -0.923400 0.111400 0.208300
-0.795900 0.039000 0.171200 -0.787400 -0.005200 0.224700 -0.925300 0.070500 0.263700
-0.925300 0.070500 0.263700 -0.923400 0.111400 0.208300 -0.795900 0.039000 0.171200
0.877400 0.313400 0.083200 0.867500 0.293700 0.221000 0.676600 0.250900 0.209200
0.676600 0.250900 0.209200 0.671400 0.264100 0.053400 0.877400 0.313400 0.083200
0.965300 0.412700 0.158600 0.950200 0.391300 0.261200 0.867500 0.293700 0.221000
0.867500 0.293700 0.221000 0.877400 0.313400 0.083200 0.965300 0.412700 0.158600
1.015800 0.530300 0.243600 0.995600 0.508700 0.311800 0.950200 0.391300 0.261200
0.950200 0.391300 0.261200 0.965300 0.412700 0.158600 1.015800 0.530300 0.243600
1.109900 0.634600 0.302100 1.074500 0.611300 0.354400 0.995600 0.508700 0.311800
0.995600 0.508700 0.311800 1.015800 0.530300 0.243600 1.109900 0.634600 0.302100
0.960700 0.072500 0.118900 0.941500 0.161300 0.013000 0.671400 0.057800 -0.038500
0.671400 0.057800 -0.038500 0.676600 -0.049200 0.075600 0.960700 0.072500 0.118900
1.069600 0.263400 0.199700 1.047300 0.324800 0.116300 0.941500 0.161300 0.013000
0.941500 0.161300 0.013000 0.960700 0.072500 0.118900 1.069600 0.263400 0.199700
1.141100 0.463900 0.286300 1.115900 0.499500 0.226000 1.047300 0.324800 0.116300
1.047300 0.324800 0.116300 1.069600 0.263400 0.199700 1.141100 0.463900 0.286300
1.313300 0.614700 0.346800 1.274100 0.636900 0.296900 1.115900 0.499500 0.226000
1.115900 0.499500 0.226000 1.141100 0.463900 0.286300 1.313300 0.614700 0.346800
0.950800 0.052800 0.256700 0.960700 0.072500 0.118900 0.676600 -0.049200 0.075600
0.676600 -0.049200 0.075600 0.681700 -0.062400 0.231500 0.950800 0.052800 0.256700
1.054500 0.241900 0.302400 1.069600 0.263400 0.199700 0.960700 0.072500 0.118900
0.960700 0.072500 0.118900 0.950800 0.052800 0.256700 1.054500 0.241900 0.302400
1.120800 0.442300 0.354500 1.141100 0.463900 0.286300 1.069600 0.263400 0.199700
1.069600 0.263400 0.199700 1.054500 0.241900 0.302400 1.120800 0.442300 0.354500
1.278000 0.591400 0.399100 1.313300 0.614700 0.346800 1.141100 0.463900 0.286300
1.141100 0.463900 0.286300 1.120800 0.442300 0.354500 1.278000 0.591400 0.399100
0.920300 0.110800 0.332400 0.950800 0.052800 0.256700 0.681700 -0.062400 0.231500
0.681700 -0.062400 0.231500 0.683400 0.020800 0.322400 0.920300 0.110800 0.332400
1.014600 0.272100 0.354500 1.054500 0.241900 0.302400 0.950800 0.052800 0.256700
0.950800 0.052800 0.256700 0.920300 0.110800 0.332400 1.014600 0.272100 0.354500
1.071600 0.448200 0.384700 1.120800 0.442300 0.354500 1.054500 0.241900 0.302400
1.054500 0.241900 0.302400 1.014600 0.272100 0.354500 1.071600 0.448200 0.384700
1.196500 0.582600 0.418800 1.278000 0.591400 0.399100 1.120800 0.442300 0.354500
1.120800 0.442300 0.354500 1.071600 0.448200 0.384700 1.196500 0.582600 0.418800
0.886700 0.204900 0.326900 0.920300 0.110800 0.332400 0.683400 0.020800 0.322400
0.683400 0.020800 0.322400 0.681700 0.144000 0.323300 0.886700 0.204900 0.326900
0.972400 0.329800 0.344700 1.014600 0.272100 0.354500 0.920300 0.110800 0.332400
0.920300 0.110800 0.332400 0.886700 0.204900 0.326900 0.972400 0.329800 0.344700
1.020700 0.473100 0.372000 1.071600 0.448200 0.384700 1.014600 0.272100 0.354500
1.014600 0.272100 0.354500 0.972400 0.329800 0.344700 1.020700 0.473100 0.372000
1.113800 0.589100 0.404400 1.196500 0.582600 0.418800 1.071600 0.448200 0.384700
1.071600 0.448200 0.384700 1.020700 0.473100 0.372000 1.113800 0.589100 0.404400
0.867500 0.293700 0.221000 0.886700 0.204900 0.326900 0.681700 0.144000 0.323300
0.681700 0.144000 0.323300 0.676600 0.250900 0.209200 0.867500 0.293700 0.221000
0.950200 0.391300 0.261200 0.972400 0.329800 0.344700 0.886700 0.204900 0.326900
0.886700 0.204900 0.326900 0.867500 0.293700 0.221000 0.950200 0.391300 0.261200
0.995600 0.508700 0.311800 1.020700 0.473100 0.372000 0.972400 0.329800 0.344700
0.972400 0.329800 0.344700 0.950200 0.391300 0.261200 0.995600 0.508700 0.311800
1.074500 0.611300 0.354400 1.113800 0.589100 0.404400 1.020700 0.473100 0.372000
1.020700 0.473100 0.372000 0.995600 0.508700 0.311800 1.074500 0.611300 0.354400
1.141300 0.649700 0.311500 1.103100 0.627100 0.360400 1.074500 0.611300 0.354400
1.074500 0.611300 0.354400 1.109900 0.634600 0.302100 1.141300 0.649700 0.311500
1.160200 0.652400 0.320400 1.124300 0.632500 0.362000 1.103100 0.627100 0.360400
1.103100 0.627100 0.360400 1.141300 0.649700 0.311500 1.160200 0.652400 0.320400
1.161000 0.644000 0.325100 1.130500 0.627400 0.359500 1.124300 0.632500 0.362000
1.124300 0.632500 0.362000 1.160200 0.652400 0.320400 1.161000 0.644000 0.325100
1.138000 0.625900 0.321700 1.114300 0.611900 0.353200 1.130500 0.627400 0.359500
1.130500 0.627400 0.359500 1.161000 0.644000 0.325100 1.138000 0.625900 0.321700
1.228600 0.659700 0.293400 1.141300 0.649700 0.311500 1.109900 0.634600 0.302100
1.109900 0.634600 0.302100 1.191300 0.643300 0.282500 1.228600 0.659700 0.293400
1.242200 0.662300 0.305300 1.160200 0.652400 0.320400 1.141300 0.649700 0.311500
1.141300 0.649700 0.311500 1.228600 0.659700 0.293400 1.242200 0.662300 0.305300
1.230700 0.652400 0.312600 1.161000 0.644000 0.325100 1.160200 0.652400 0.320400
1.160200 0.652400 0.320400 1.242200 0.662300 0.305300 1.230700 0.652400 0.312600
1.192400 0.631200 0.309700 1.138000 0.625900 0.321700 1.161000 0.644000 0.325100
1.161000 0.644000 0.325100 1.230700 0.652400 0.312600 1.192400 0.631200 0.309700
1.317100 0.655500 0.307400 1.228600 0.659700 0.293400 1.191300 0.643300 0.282500
1.191300 0.643300 0.282500 1.274100 0.636900 0.296900 1.317100 0.655500 0.307400
1.325200 0.660000 0.317500 1.242200 0.662300 0.305300 1.228600 0.659700 0.293400
1.228600 0.659700 0.293400 1.317100 0.655500 0.307400 1.325200 0.660000 0.317500
1.301200 0.650600 0.322700 1.230700 0.652400 0.312600 1.242200 0.662300 0.305300
1.242200 0.662300 0.305300 1.325200 0.660000 0.317500 1.301200 0.650600 0.322700
1.247500 0.627400 0.318200 1.192400 0.631200 0.309700 1.230700 0.652400 0.312600
1.230700 0.652400 0.312600 1.301200 0.650600 0.322700 1.247500 0.627400 0.318200
1.358900 0.635500 0.354300 1.317100 0.655500 0.307400 1.274100 0.636900 0.296900
1.274100 0.636900 0.296900 1.313300 0.614700 0.346800 1.358900 0.635500 0.354300
1.364300 0.643500 0.357700 1.325200 0.660000 0.317500 1.317100 0.655500 0.307400
1.317100 0.655500 0.307400 1.358900 0.635500 0.354300 1.364300 0.643500 0.357700
1.334300 0.637000 0.356000 1.301200 0.650600 0.322700 1.325200 0.660000 0.317500
1.325200 0.660000 0.317500 1.364300 0.643500 0.357700 1.334300 0.637000 0.356000
1.273500 0.614100 0.348100 1.247500 0.627400 0.318200 1.301200 0.650600 0.322700
1.301200 0.650600 0.322700 1.334300 0.637000 0.356000 1.273500 0.614100 0.348100
1.320700 0.612800 0.403200 1.358900 0.635500 0.354300 1.313300 0.614700 0.346800
1.313300 0.614700 0.346800 1.278000 0.591400 0.399100 1.320700 0.612800 0.403200
1.328400 0.623600 0.399300 1.364300 0.643500 0.357700 1.358900 0.635500 0.354300
1.358900 0.635500 0.354300 1.320700 0.612800 0.403200 1.328400 0.623600 0.399300
1.303800 0.620500 0.390400 1.334300 0.637000 0.356000 1.364300 0.643500 0.357700
1.364300 0.643500 0.357700 1.328400 0.623600 0.399300 1.303800 0.620500 0.390400
1.249800 0.600100 0.379600 1.273500 0.614100 0.348100 1.334300 0.637000 0.356000
1.334300 0.637000 0.356000 1.303800 0.620500 0.390400 1.249800 0.600100 0.379600
1.233400 0.602800 0.421300 1.320700 0.612800 0.403200 1.278000 0.591400 0.399100
1.278000 0.591400 0.399100 1.196500 0.582600 0.418800 1.233400 0.602800 0.421300
1.246400 0.613700 0.414400 1.328400 0.623600 0.399300 1.320700 0.612800 0.403200
1.320700 0.612800 0.403200 1.233400 0.602800 0.421300 1.246400 0.613700 0.414400
1.234100 0.612100 0.402900 1.303800 0.620500 0.390400 1.328400 0.623600 0.399300
1.328400 0.623600 0.399300 1.246400 0.613700 0.414400 1.234100 0.612100 0.402900
1.195500 0.594800 0.391500 1.249800 0.600100 0.379600 1.303800 0.620500 0.390400
1.303800 0.620500 0.390400 1.234100 0.612100 0.402900 1.195500 0.594800 0.391500
1.144900 0.607000 0.407400 1.233400 0.602800 0.421300 1.196500 0.582600 0.418800
1.196500 0.582600 0.418800 1.113800 0.589100 0.404400 1.144900 0.607000 0.407400
1.163300 0.616000 0.402200 1.246400 0.613700 0.414400 1.233400 0.602800 0.421300
1.233400 0.602800 0.421300 1.144900 0.607000 0.407400 1.163300 0.616000 0.402200
1.163600 0.613900 0.392800 1.234100 0.612100 0.402900 1.246400 0.613700 0.414400
1.246400 0.613700 0.414400 1.163300 0.616000 0.402200 1.163600 0.613900 0.392800
1.140400 0.598600 0.383100 1.195500 0.594800 0.391500 1.234100 0.612100 0.402900
1.234100 0.612100 0.402900 1.163600 0.613900 0.392800 1.140400 0.598600 0.383100
1.103100 0.627100 0.360400 1.144900 0.607000 0.407400 1.113800 0.589100 0.404400
1.113800 0.589100 0.404400 1.074500 0.611300 0.354400 1.103100 0.627100 0.360400
1.124300 0.632500 0.362000 1.163300 0.616000 0.402200 1.144900 0.607000 0.407400
1.144900 0.607000 0.407400 1.103100 0.627100 0.360400 1.124300 0.632500 0.362000
1.130500 0.627400 0.359500 1.163600 0.613900 0.392800 1.163300 0.616000 0.402200
1.163300 0.616000 0.402200 1.124300 0.632500 0.362000 1.130500 0.627400 0.359500
1.114300 0.611900 0.353200 1.140400 0.598600 0.383100 1.163600 0.613900 0.392800
1.163600 0.613900 0.392800 1.130500 0.627400 0.359500 1.114300 0.611900 0.353200
0.123200 0.874400 0.449500 0.135600 0.852900 0.497900 -0.000000 0.868900 0.510200
0.117600 0.829900 0.432600 0.129300 0.809300 0.478700 0.135600 0.852900 0.497900
0.135600 0.852900 0.497900 0.123200 0.874400 0.449500 0.117600 0.829900 0.432600
0.071200 0.767300 0.428500 0.078400 0.754900 0.456500 0.129300 0.809300 0.478700
0.129300 0.809300 0.478700 0.117600 0.829900 0.432600 0.071200 0.767300 0.428500
0.072300 0.718900 0.406400 0.079600 0.706300 0.434800 0.078400 0.754900 0.456500
0.078400 0.754900 0.456500 0.071200 0.767300 0.428500 0.072300 0.718900 0.406400
0.093000 0.891500 0.411100 0.123200 0.874400 0.449500 -0.000000 0.868900 0.510200
0.088700 0.846200 0.395900 0.117600 0.829900 0.432600 0.123200 0.874400 0.449500
0.123200 0.874400 0.449500 0.093000 0.891500 0.411100 0.088700 0.846200 0.395900
0.053700 0.777200 0.406300 0.071200 0.767300 0.428500 0.117600 0.829900 0.432600
0.117600 0.829900 0.432600 0.088700 0.846200 0.395900 0.053700 0.777200 0.406300
0.054500 0.729000 0.383900 0.072300 0.718900 0.406400 0.071200 0.767300 0.428500
0.071200 0.767300 0.428500 0.053700 0.777200 0.406300 0.054500 0.729000 0.383900
0.049000 0.902600 0.386200 0.093000 0.891500 0.411100 -0.000000 0.868900 0.510200
0.049000 0.902600 0.386200 0.088700 0.846200 0.395900 0.093000 0.891500 0.411100
0.088700 0.846200 0.395900 0.049000 0.902600 0.386200 0.046700 0.856800 0.372200
0.028300 0.783600 0.391900 0.053700 0.777200 0.406300 0.088700 0.846200 0.395900
0.088700 0.846200 0.395900 0.046700 0.856800 0.372200 0.028300 0.783600 0.391900
0.028700 0.735500 0.369200 0.054500 0.729000 0.383900 0.053700 0.777200 0.406300
0.053700 0.777200 0.406300 0.028300 0.783600 0.391900 0.028700 0.735500 0.369200
-0.004700 0.906100 0.378400 0.049000 0.902600 0.386200 -0.000000 0.868900 0.510200
-0.004700 0.906100 0.378400 0.046700 0.856800 0.372200 0.049000 0.902600 0.386200
0.046700 0.856800 0.372200 -0.004700 0.906100 0.378400 -0.004500 0.860100 0.364700
-0.002700 0.785600 0.387400 0.028300 0.783600 0.391900 0.046700 0.856800 0.372200
0.046700 0.856800 0.372200 -0.004500 0.860100 0.364700 -0.002700 0.785600 0.387400
-0.002800 0.737500 0.364600 0.028700 0.735500 0.369200 0.028300 0.783600 0.391900
0.028300 0.783600 0.391900 -0.002700 0.785600 0.387400 -0.002800 0.737500 0.364600
-0.057700 0.901100 0.389600 -0.004700 0.906100 0.378400 -0.000000 0.868900 0.510200
-0.055100 0.855300 0.375500 -0.004500 0.860100 0.364700 -0.004700 0.906100 0.378400
-0.004700 0.906100 0.378400 -0.057700 0.901100 0.389600 -0.055100 0.855300 0.375500
-0.033300 0.782700 0.393900 -0.002700 0.785600 0.387400 -0.004500 0.860100 0.364700
-0.004500 0.860100 0.364700 -0.055100 0.855300 0.375500 -0.033300 0.782700 0.393900
-0.033800 0.734600 0.371200 -0.002800 0.737500 0.364600 -0.002700 0.785600 0.387400
-0.002700 0.785600 0.387400 -0.033300 0.782700 0.393900 -0.033800 0.734600 0.371200
-0.099700 0.888800 0.417300 -0.057700 0.901100 0.389600 -0.000000 0.868900 0.510200
-0.095200 0.843600 0.401800 -0.055100 0.855300 0.375500 -0.057700 0.901100 0.389600
-0.057700 0.901100 0.389600 -0.099700 0.888800 0.417300 -0.095200 0.843600 0.401800
-0.057600 0.775600 0.409900 -0.033300 0.782700 0.393900 -0.055100 0.855300 0.375500
-0.055100 0.855300 0.375500 -0.095200 0.843600 0.401800 -0.057600 0.775600 0.409900
-0.058500 0.727400 0.387500 -0.033800 0.734600 0.371200 -0.033300 0.782700 0.393900
-0.033300 0.782700 0.393900 -0.057600 0.775600 0.409900 -0.058500 0.727400 0.387500
-0.127000 0.870900 0.457500 -0.099700 0.888800 0.417300 -0.000000 0.868900 0.510200
-0.127000 0.870900 0.457500 -0.095200 0.843600 0.401800 -0.099700 0.888800 0.417300
-0.095200 0.843600 0.401800 -0.127000 0.870900 0.457500 -0.121100 0.826500 0.440200
-0.073400 0.765300 0.433100 -0.057600 0.775600 0.409900 -0.095200 0.843600 0.401800
-0.095200 0.843600 0.401800 -0.121100 0.826500 0.440200 -0.073400 0.765300 0.433100
-0.074500 0.716800 0.411100 -0.058500 0.727400 0.387500 -0.057600 0.775600 0.409900
-0.057600 0.775600 0.409900 -0.073400 0.765300 0.433100 -0.074500 0.716800 0.411100
-0.135600 0.849000 0.506600 -0.127000 0.870900 0.457500 -0.000000 0.868900 0.510200
-0.135600 0.849000 0.506600 -0.121100 0.826500 0.440200 -0.127000 0.870900 0.457500
-0.121100 0.826500 0.440200 -0.135600 0.849000 0.506600 -0.129300 0.805600 0.487000
-0.078400 0.752700 0.461500 -0.073400 0.765300 0.433100 -0.121100 0.826500 0.440200
-0.121100 0.826500 0.440200 -0.129300 0.805600 0.487000 -0.078400 0.752700 0.461500
-0.079600 0.704000 0.439900 -0.074500 0.716800 0.411100 -0.073400 0.765300 0.433100
-0.073400 0.765300 0.433100 -0.078400 0.752700 0.461500 -0.079600 0.704000 0.439900
-0.123200 0.827500 0.555000 -0.135600 0.849000 0.506600 -0.000000 0.868900 0.510200
-0.117600 0.785100 0.533200 -0.129300 0.805600 0.487000 -0.135600 0.849000 0.506600
-0.135600 0.849000 0.506600 -0.123200 0.827500 0.555000 -0.117600 0.785100 0.533200
-0.071200 0.740200 0.489400 -0.078400 0.752700 0.461500 -0.129300 0.805600 0.487000
-0.129300 0.805600 0.487000 -0.117600 0.785100 0.533200 -0.071200 0.740200 0.489400
-0.072300 0.691400 0.468200 -0.079600 0.704000 0.439900 -0.078400 0.752700 0.461500
-0.078400 0.752700 0.461500 -0.071200 0.740200 0.489400 -0.072300 0.691400 0.468200
-0.093000 0.810400 0.593300 -0.123200 0.827500 0.555000 -0.000000 0.868900 0.510200
-0.088700 0.768800 0.569800 -0.117600 0.785100 0.533200 -0.123200 0.827500 0.555000
-0.123200 0.827500 0.555000 -0.093000 0.810400 0.593300 -0.088700 0.768800 0.569800
-0.053700 0.730300 0.511600 -0.071200 0.740200 0.489400 -0.117600 0.785100 0.533200
-0.117600 0.785100 0.533200 -0.088700 0.768800 0.569800 -0.053700 0.730300 0.511600
-0.054500 0.681400 0.490700 -0.072300 0.691400 0.468200 -0.071200 0.740200 0.489400
-0.071200 0.740200 0.489400 -0.053700 0.730300 0.511600 -0.054500 0.681400 0.490700
-0.049000 0.799300 0.618200 -0.093000 0.810400 0.593300 -0.000000 0.868900 0.510200
-0.049000 0.799300 0.618200 -0.088700 0.768800 0.569800 -0.093000 0.810400 0.593300
-0.088700 0.768800 0.569800 -0.049000 0.799300 0.618200 -0.046700 0.758200 0.593500
-0.028300 0.723900 0.526000 -0.053700 0.730300 0.511600 -0.088700 0.768800 0.569800
-0.088700 0.768800 0.569800 -0.046700 0.758200 0.593500 -0.028300 0.723900 0.526000
-0.028700 0.674900 0.505400 -0.054500 0.681400 0.490700 -0.053700 0.730300 0.511600
-0.053700 0.730300 0.511600 -0.028300 0.723900 0.526000 -0.028700 0.674900 0.505400
0.004700 0.795800 0.626100 -0.049000 0.799300 0.618200 -0.000000 0.868900 0.510200
0.004700 0.795800 0.626100 -0.046700 0.758200 0.593500 -0.049000 0.799300 0.618200
-0.046700 0.758200 0.593500 0.004700 0.795800 0.626100 0.004500 0.754900 0.601000
0.002700 0.721900 0.530500 -0.028300 0.723900 0.526000 -0.046700 0.758200 0.593500
-0.046700 0.758200 0.593500 0.004500 0.754900 0.601000 0.002700 0.721900 0.530500
0.002800 0.672800 0.510000 -0.028700 0.674900 0.505400 -0.028300 0.723900 0.526000
-0.028300 0.723900 0.526000 0.002700 0.721900 0.530500 0.002800 0.672800 0.510000
0.057700 0.800800 0.614800 0.004700 0.795800 0.626100 -0.000000 0.868900 0.510200
0.055100 0.759700 0.590300 0.004500 0.754900 0.601000 0.004700 0.795800 0.626100
0.004700 0.795800 0.626100 0.057700 0.800800 0.614800 0.055100 0.759700 0.590300
0.033300 0.724800 0.524000 0.002700 0.721900 0.530500 0.004500 0.754900 0.601000
0.004500 0.754900 0.601000 0.055100 0.759700 0.590300 0.033300 0.724800 0.524000
0.033800 0.675700 0.503400 0.002800 0.672800 0.510000 0.002700 0.721900 0.530500
0.002700 0.721900 0.530500 0.033300 0.724800 0.524000 0.033800 0.675700 0.503400
0.099700 0.813100 0.587200 0.057700 0.800800 0.614800 -0.000000 0.868900 0.510200
0.095200 0.771400 0.563900 0.055100 0.759700 0.590300 0.057700 0.800800 0.614800
0.057700 0.800800 0.614800 0.099700 0.813100 0.587200 0.095200 0.771400 0.563900
0.057600 0.731900 0.508000 0.033300 0.724800 0.524000 0.055100 0.759700 0.590300
0.055100 0.759700 0.590300 0.095200 0.771400 0.563900 0.057600 0.731900 0.508000
0.058500 0.683000 0.487100 0.033800 0.675700 0.503400 0.033300 0.724800 0.524000
0.033300 0.724800 0.524000 0.057600 0.731900 0.508000 0.058500 0.683000 0.487100
0.127000 0.831000 0.547000 0.099700 0.813100 0.587200 -0.000000 0.868900 0.510200
0.127000 0.831000 0.547000 0.095200 0.771400 0.563900 0.099700 0.813100 0.587200
0.095200 0.771400 0.563900 0.127000 0.831000 0.547000 0.121100 0.788500 0.525600
0.073400 0.742300 0.484800 0.057600 0.731900 0.508000 0.095200 0.771400 0.563900
0.095200 0.771400 0.563900 0.121100 0.788500 0.525600 0.073400 0.742300 0.484800
0.074500 0.693500 0.463500 0.058500 0.683000 0.487100 0.057600 0.731900 0.508000
0.057600 0.731900 0.508000 0.073400 0.742300 0.484800 0.074500 0.693500 0.463500
0.135600 0.852900 0.497900 0.127000 0.831000 0.547000 -0.000000 0.868900 0.510200
0.135600 0.852900 0.497900 0.121100 0.788500 0.525600 0.127000 0.831000 0.547000
0.121100 0.788500 0.525600 0.135600 0.852900 0.497900 0.129300 0.809300 0.478700
0.078400 0.754900 0.456500 0.073400 0.742300 0.484800 0.121100 0.788500 0.525600
0.121100 0.788500 0.525600 0.129300 0.809300 0.478700 0.078400 0.754900 0.456500
0.079600 0.706300 0.434800 0.074500 0.693500 0.463500 0.073400 0.742300 0.484800
0.073400 0.742300 0.484800 0.078400 0.754900 0.456500 0.079600 0.706300 0.434800
0.072300 0.718900 0.406400 0.181600 0.675400 0.417100 0.079600 0.706300 0.434800
0.181600 0.675400 0.417100 0.072300 0.718900 0.406400 0.165000 0.704100 0.352400
0.165000 0.704100 0.352400 0.328300 0.655300 0.402500 0.181600 0.675400 0.417100
0.328300 0.655300 0.402500 0.165000 0.704100 0.352400 0.298400 0.707300 0.285600
0.298400 0.707300 0.285600 0.460200 0.635000 0.388500 0.328300 0.655300 0.402500
0.460200 0.635000 0.388500 0.298400 0.707300 0.285600 0.418200 0.707900 0.224600
0.418200 0.707900 0.224600 0.517400 0.603400 0.372200 0.460200 0.635000 0.388500
0.517400 0.603400 0.372200 0.418200 0.707900 0.224600 0.470200 0.685400 0.188000
0.054500 0.729000 0.383900 0.165000 0.704100 0.352400 0.072300 0.718900 0.406400
0.165000 0.704100 0.352400 0.054500 0.729000 0.383900 0.124400 0.727000 0.301000
0.124400 0.727000 0.301000 0.298400 0.707300 0.285600 0.165000 0.704100 0.352400
0.298400 0.707300 0.285600 0.124400 0.727000 0.301000 0.225000 0.748700 0.192600
0.225000 0.748700 0.192600 0.418200 0.707900 0.224600 0.298400 0.707300 0.285600
0.418200 0.707900 0.224600 0.225000 0.748700 0.192600 0.315300 0.766000 0.094300
0.315300 0.766000 0.094300 0.470200 0.685400 0.188000 0.418200 0.707900 0.224600
0.470200 0.685400 0.188000 0.315300 0.766000 0.094300 0.354500 0.750700 0.041400
0.065400 0.741900 0.267600 0.124400 0.727000 0.301000 0.054500 0.729000 0.383900
0.054500 0.729000 0.383900 0.028700 0.735500 0.369200 0.065400 0.741900 0.267600
0.118300 0.775600 0.132200 0.225000 0.748700 0.192600 0.124400 0.727000 0.301000
0.124400 0.727000 0.301000 0.065400 0.741900 0.267600 0.118300 0.775600 0.132200
0.165800 0.803700 0.009600 0.315300 0.766000 0.094300 0.225000 0.748700 0.192600
0.225000 0.748700 0.192600 0.118300 0.775600 0.132200 0.165800 0.803700 0.009600
0.186400 0.793000 -0.053800 0.354500 0.750700 0.041400 0.315300 0.766000 0.094300
0.315300 0.766000 0.094300 0.165800 0.803700 0.009600 0.186400 0.793000 -0.053800
-0.006300 0.746600 0.257000 0.065400 0.741900 0.267600 0.028700 0.735500 0.369200
0.028700 0.735500 0.369200 -0.002800 0.737500 0.364600 -0.006300 0.746600 0.257000
-0.011500 0.784100 0.113100 0.118300 0.775600 0.132200 0.065400 0.741900 0.267600
0.065400 0.741900 0.267600 -0.006300 0.746600 0.257000 -0.011500 0.784100 0.113100
-0.016100 0.815600 -0.017200 0.165800 0.803700 0.009600 0.118300 0.775600 0.132200
0.118300 0.775600 0.132200 -0.011500 0.784100 0.113100 -0.016100 0.815600 -0.017200
-0.018100 0.806500 -0.083900 0.186400 0.793000 -0.053800 0.165800 0.803700 0.009600
0.165800 0.803700 0.009600 -0.016100 0.815600 -0.017200 -0.018100 0.806500 -0.083900
-0.033800 0.734600 0.371200 -0.006300 0.746600 0.257000 -0.002800 0.737500 0.364600
-0.006300 0.746600 0.257000 -0.033800 0.734600 0.371200 -0.077100 0.739900 0.272100
-0.077100 0.739900 0.272100 -0.011500 0.784100 0.113100 -0.006300 0.746600 0.257000
-0.011500 0.784100 0.113100 -0.077100 0.739900 0.272100 -0.139400 0.772000 0.140400
-0.139400 0.772000 0.140400 -0.016100 0.815600 -0.017200 -0.011500 0.784100 0.113100
-0.016100 0.815600 -0.017200 -0.139400 0.772000 0.140400 -0.195400 0.798500 0.021100
-0.195400 0.798500 0.021100 -0.018100 0.806500 -0.083900 -0.016100 0.815600 -0.017200
-0.018100 0.806500 -0.083900 -0.195400 0.798500 0.021100 -0.219700 0.787300 -0.040800
-0.058500 0.727400 0.387500 -0.077100 0.739900 0.272100 -0.033800 0.734600 0.371200
-0.077100 0.739900 0.272100 -0.058500 0.727400 0.387500 -0.133400 0.723400 0.309200
-0.133400 0.723400 0.309200 -0.139400 0.772000 0.140400 -0.077100 0.739900 0.272100
-0.139400 0.772000 0.140400 -0.133400 0.723400 0.309200 -0.241300 0.742100 0.207500
-0.241300 0.742100 0.207500 -0.195400 0.798500 0.021100 -0.139400 0.772000 0.140400
-0.195400 0.798500 0.021100 -0.241300 0.742100 0.207500 -0.338100 0.756700 0.115100
-0.338100 0.756700 0.115100 -0.219700 0.787300 -0.040800 -0.195400 0.798500 0.021100
-0.219700 0.787300 -0.040800 -0.338100 0.756700 0.115100 -0.380200 0.740200 0.064900
-0.170000 0.699400 0.363100 -0.133400 0.723400 0.309200 -0.058500 0.727400 0.387500
-0.058500 0.727400 0.387500 -0.074500 0.716800 0.411100 -0.170000 0.699400 0.363100
-0.307400 0.698700 0.305000 -0.241300 0.742100 0.207500 -0.133400 0.723400 0.309200
-0.133400 0.723400 0.309200 -0.170000 0.699400 0.363100 -0.307400 0.698700 0.305000
-0.430800 0.695900 0.251700 -0.338100 0.756700 0.115100 -0.241300 0.742100 0.207500
-0.241300 0.742100 0.207500 -0.307400 0.698700 0.305000 -0.430800 0.695900 0.251700
-0.484400 0.671900 0.218400 -0.380200 0.740200 0.064900 -0.338100 0.756700 0.115100
-0.338100 0.756700 0.115100 -0.430800 0.695900 0.251700 -0.484400 0.671900 0.218400
-0.181600 0.670200 0.428700 -0.170000 0.699400 0.363100 -0.074500 0.716800 0.411100
-0.074500 0.716800 0.411100 -0.079600 0.704000 0.439900 -0.181600 0.670200 0.428700
-0.328300 0.645900 0.423500 -0.307400 0.698700 0.305000 -0.170000 0.699400 0.363100
-0.170000 0.699400 0.363100 -0.181600 0.670200 0.428700 -0.328300 0.645900 0.423500
-0.460200 0.621900 0.417800 -0.430800 0.695900 0.251700 -0.307400 0.698700 0.305000
-0.307400 0.698700 0.305000 -0.328300 0.645900 0.423500 -0.460200 0.621900 0.417800
-0.517400 0.588700 0.405200 -0.484400 0.671900 0.218400 -0.430800 0.695900 0.251700
-0.430800 0.695900 0.251700 -0.460200 0.621900 0.417800 -0.517400 0.588700 0.405200
-0.072300 0.691400 0.468200 -0.181600 0.670200 0.428700 -0.079600 0.704000 0.439900
-0.181600 0.670200 0.428700 -0.072300 0.691400 0.468200 -0.165000 0.641400 0.493300
-0.165000 0.641400 0.493300 -0.328300 0.645900 0.423500 -0.181600 0.670200 0.428700
-0.328300 0.645900 0.423500 -0.165000 0.641400 0.493300 -0.298400 0.593900 0.540400
-0.298400 0.593900 0.540400 -0.460200 0.621900 0.417800 -0.328300 0.645900 0.423500
-0.460200 0.621900 0.417800 -0.298400 0.593900 0.540400 -0.418200 0.548900 0.581700
-0.418200 0.548900 0.581700 -0.517400 0.588700 0.405200 -0.460200 0.621900 0.417800
-0.517400 0.588700 0.405200 -0.418200 0.548900 0.581700 -0.470200 0.506700 0.589500
-0.054500 0.681400 0.490700 -0.165000 0.641400 0.493300 -0.072300 0.691400 0.468200
-0.165000 0.641400 0.493300 -0.054500 0.681400 0.490700 -0.124400 0.618500 0.544800
-0.124400 0.618500 0.544800 -0.298400 0.593900 0.540400 -0.165000 0.641400 0.493300
-0.298400 0.593900 0.540400 -0.124400 0.618500 0.544800 -0.225000 0.552500 0.633400
-0.225000 0.552500 0.633400 -0.418200 0.548900 0.581700 -0.298400 0.593900 0.540400
-0.418200 0.548900 0.581700 -0.225000 0.552500 0.633400 -0.315300 0.490900 0.712000
-0.315300 0.490900 0.712000 -0.470200 0.506700 0.589500 -0.418200 0.548900 0.581700
-0.470200 0.506700 0.589500 -0.315300 0.490900 0.712000 -0.354500 0.441400 0.736000
-0.065400 0.603600 0.578200 -0.124400 0.618500 0.544800 -0.054500 0.681400 0.490700
-0.054500 0.681400 0.490700 -0.028700 0.674900 0.505400 -0.065400 0.603600 0.578200
-0.118300 0.525600 0.693800 -0.225000 0.552500 0.633400 -0.124400 0.618500 0.544800
-0.124400 0.618500 0.544800 -0.065400 0.603600 0.578200 -0.118300 0.525600 0.693800
-0.165800 0.453200 0.796700 -0.315300 0.490900 0.712000 -0.225000 0.552500 0.633400
-0.225000 0.552500 0.633400 -0.118300 0.525600 0.693800 -0.165800 0.453200 0.796700
-0.186400 0.399000 0.831200 -0.354500 0.441400 0.736000 -0.315300 0.490900 0.712000
-0.315300 0.490900 0.712000 -0.165800 0.453200 0.796700 -0.186400 0.399000 0.831200
0.006300 0.598900 0.588800 -0.065400 0.603600 0.578200 -0.028700 0.674900 0.505400
-0.028700 0.674900 0.505400 0.002800 0.672800 0.510000 0.006300 0.598900 0.588800
0.011500 0.517100 0.713000 -0.118300 0.525600 0.693800 -0.065400 0.603600 0.578200
-0.065400 0.603600 0.578200 0.006300 0.598900 0.588800 0.011500 0.517100 0.713000
0.016100 0.441300 0.823500 -0.165800 0.453200 0.796700 -0.118300 0.525600 0.693800
-0.118300 0.525600 0.693800 0.011500 0.517100 0.713000 0.016100 0.441300 0.823500
0.018100 0.385600 0.861400 -0.186400 0.399000 0.831200 -0.165800 0.453200 0.796700
-0.165800 0.453200 0.796700 0.016100 0.441300 0.823500 0.018100 0.385600 0.861400
0.033800 0.675700 0.503400 0.006300 0.598900 0.588800 0.002800 0.672800 0.510000
0.006300 0.598900 0.588800 0.033800 0.675700 0.503400 0.077100 0.605700 0.573600
0.077100 0.605700 0.573600 0.011500 0.517100 0.713000 0.006300 0.598900 0.588800
0.011500 0.517100 0.713000 0.077100 0.605700 0.573600 0.139400 0.529200 0.685600
0.139400 0.529200 0.685600 0.016100 0.441300 0.823500 0.011500 0.517100 0.713000
0.016100 0.441300 0.823500 0.139400 0.529200 0.685600 0.195400 0.458300 0.785200
0.195400 0.458300 0.785200 0.018100 0.385600 0.861400 0.016100 0.441300 0.823500
0.018100 0.385600 0.861400 0.195400 0.458300 0.785200 0.219700 0.404800 0.818300
0.058500 0.683000 0.487100 0.077100 0.605700 0.573600 0.033800 0.675700 0.503400
0.077100 0.605700 0.573600 0.058500 0.683000 0.487100 0.133400 0.622200 0.536600
0.133400 0.622200 0.536600 0.139400 0.529200 0.685600 0.077100 0.605700 0.573600
0.139400 0.529200 0.685600 0.133400 0.622200 0.536600 0.241300 0.559100 0.618500
0.241300 0.559100 0.618500 0.195400 0.458300 0.785200 0.139400 0.529200 0.685600
0.195400 0.458300 0.785200 0.241300 0.559100 0.618500 0.338100 0.500200 0.691200
0.338100 0.500200 0.691200 0.219700 0.404800 0.818300 0.195400 0.458300 0.785200
0.219700 0.404800 0.818300 0.338100 0.500200 0.691200 0.380200 0.451800 0.712600
0.170000 0.646200 0.482700 0.133400 0.622200 0.536600 0.058500 0.683000 0.487100
0.058500 0.683000 0.487100 0.074500 0.693500 0.463500 0.170000 0.646200 0.482700
0.307400 0.602500 0.521100 0.241300 0.559100 0.618500 0.133400 0.622200 0.536600
0.133400 0.622200 0.536600 0.170000 0.646200 0.482700 0.307400 0.602500 0.521100
0.430800 0.561000 0.554600 0.338100 0.500200 0.691200 0.241300 0.559100 0.618500
0.241300 0.559100 0.618500 0.307400 0.602500 0.521100 0.430800 0.561000 0.554600
0.484400 0.520200 0.559000 0.380200 0.451800 0.712600 0.338100 0.500200 0.691200
0.338100 0.500200 0.691200 0.430800 0.561000 0.554600 0.484400 0.520200 0.559000
0.181600 0.675400 0.417100 0.170000 0.646200 0.482700 0.074500 0.693500 0.463500
0.074500 0.693500 0.463500 0.079600 0.706300 0.434800 0.181600 0.675400 0.417100
0.328300 0.655300 0.402500 0.307400 0.602500 0.521100 0.170000 0.646200 0.482700
0.170000 0.646200 0.482700 0.181600 0.675400 0.417100 0.328300 0.655300 0.402500
0.460200 0.635000 0.388500 0.430800 0.561000 0.554600 0.307400 0.602500 0.521100
0.307400 0.602500 0.521100 0.328300 0.655300 0.402500 0.460200 0.635000 0.388500
0.517400 0.603400 0.372200 0.484400 0.520200 0.559000 0.430800 0.561000 0.554600
0.430800 0.561000 0.554600 0.460200 0.635000 0.388500 0.517400 0.603400 0.372200
