1453              
0	-0.067465	-0.769098	-1.104924	1.006291	0.807843
1	-0.040448	-0.768506	-1.107920	0.859029	0.930719
2	-0.121718	-0.743830	-1.095907	4.663301	0.856209
3	-0.094669	-0.743830	-1.095907	3.239767	0.963399
4	-0.067569	-0.743256	-1.098917	5.522331	0.790850
5	-0.040573	-0.743830	-1.095907	2.650719	0.418301
6	-0.204599	-0.722917	-1.062487	5.252350	0.309804
7	-0.176632	-0.720115	-1.077749	4.270602	0.810458
8	-0.149342	-0.719557	-1.080787	2.012583	0.951634
9	-0.122000	-0.718444	-1.086849	3.534292	0.844444
10	-0.094816	-0.717889	-1.089873	1.791690	0.747712
11	-0.067830	-0.719000	-1.083820	5.915030	0.264052
12	-0.231879	-0.695637	-1.062487	5.915030	0.755556
13	-0.204123	-0.694017	-1.071658	4.589670	0.892810
14	-0.176906	-0.694017	-1.071658	5.718680	0.869281
15	-0.149690	-0.694017	-1.071658	5.767768	0.783007
16	-0.122379	-0.693479	-1.074706	4.393321	0.673203
17	-0.937044	-0.752707	-0.565553	4.074253	0.441830
18	-0.907116	-0.753368	-0.561663	5.375069	0.206536
19	-0.288008	-0.672018	-1.040920	1.472622	0.695425
20	-0.259563	-0.669399	-1.056349	3.313398	0.861438
21	-0.232060	-0.668878	-1.059420	0.294524	0.891503
22	-0.204599	-0.668357	-1.062487	1.521709	0.813072
23	-0.177319	-0.668357	-1.062487	3.755185	0.747712
24	-0.150156	-0.668878	-1.059420	0.883573	0.590850
25	-0.931330	-0.717582	-0.592592	2.307107	0.363399
26	-0.893016	-0.711386	-0.630653	0.319068	0.524183
27	-0.862000	-0.710772	-0.634423	0.687223	0.364706
28	-0.836082	-0.714470	-0.611705	0.147262	0.098039
29	-0.344755	-0.648139	-1.019116	4.491496	0.492810
30	-0.315931	-0.645599	-1.034715	1.742602	0.826144
31	-0.288008	-0.644589	-1.040920	5.448700	0.900654
32	-0.260375	-0.644085	-1.044016	4.393321	0.836601
33	-0.232785	-0.643582	-1.047106	0.441786	0.771242
34	-0.205238	-0.643079	-1.050192	1.889864	0.686275
35	-0.178151	-0.644085	-1.044016	4.908738	0.473203
36	-0.853166	-0.673552	-0.679160	1.644427	0.594771
37	-0.820428	-0.671259	-0.693869	4.589670	0.447059
38	-0.792618	-0.672978	-0.682846	3.411573	0.273203
39	-0.372922	-0.621537	-1.012842	4.074253	0.759477
40	-0.344213	-0.619584	-1.025370	0.760854	0.865359
41	-0.316179	-0.618612	-1.031605	0.073631	0.857516
42	-0.288459	-0.618127	-1.034715	2.208932	0.793464
43	-0.260987	-0.618127	-1.034715	3.067962	0.732026
44	-0.233698	-0.618612	-1.031605	0.220893	0.615686
45	-0.813505	-0.636013	-0.730208	1.374447	0.636601
46	-0.781286	-0.633873	-0.744572	0.908117	0.515033
47	-0.752436	-0.634407	-0.740990	0.760854	0.358170
48	-0.727830	-0.638708	-0.712115	2.282563	0.074510
49	-0.515510	-0.633340	-0.748148	5.203263	0.299346
50	-0.483614	-0.630163	-0.769478	4.982369	0.400000
51	-0.430204	-0.596734	-0.993900	6.185010	0.667974
52	-0.401812	-0.595791	-1.000234	3.681554	0.837908
53	-0.372922	-0.593913	-1.012842	6.013205	0.875817
54	-0.345026	-0.593445	-1.015981	1.693515	0.810458
55	-0.317424	-0.593445	-1.015981	1.448078	0.759477
56	-0.289822	-0.593445	-1.015981	0.466330	0.673203
57	-0.262427	-0.593913	-1.012842	0.319068	0.443137
58	-0.777363	-0.601356	-0.765938	3.362486	0.601307
59	-0.743054	-0.597357	-0.794095	0.245437	0.577778
60	-0.713915	-0.597357	-0.794095	0.687223	0.423529
61	-0.686487	-0.598850	-0.783580	5.375069	0.249673
62	-0.622518	-0.567183	-1.006548	4.270602	0.410458
63	-0.596734	-0.568979	-0.993900	1.227185	0.308497
64	-0.571695	-0.571695	-0.974778	0.785398	0.193464
65	-0.577336	-0.606943	-0.726601	3.779729	0.354248
66	-0.543142	-0.601860	-0.762392	1.963495	0.530719
67	-0.489200	-0.573063	-0.965148	5.841399	0.216993
68	-0.459414	-0.570787	-0.981172	1.570796	0.806536
69	-0.430545	-0.569430	-0.990726	2.945243	0.879739
70	-0.402130	-0.568529	-0.997070	1.325359	0.832680
71	-0.374397	-0.568529	-0.997070	6.209554	0.775163
72	-0.346116	-0.567631	-1.003393	0.441786	0.708497
73	-0.318679	-0.568079	-1.000234	1.791690	0.559477
74	-0.742437	-0.567746	-0.797588	1.227185	0.333333
75	-0.707446	-0.563069	-0.832204	6.037748	0.636601
76	-0.646105	-0.536130	-1.031605	3.877903	0.715033
77	-0.618127	-0.535710	-1.034715	3.067962	0.717647
78	-0.591582	-0.536551	-1.028490	1.791690	0.657516
79	-0.566289	-0.538665	-1.012842	5.399612	0.551634
80	-0.541224	-0.541224	-0.993900	4.246059	0.420915
81	-0.517154	-0.545108	-0.965148	1.938952	0.720261
82	-0.488810	-0.544674	-0.968363	0.490874	0.853595
83	-0.459414	-0.542943	-0.981172	5.939573	0.856209
84	-0.430545	-0.541653	-0.990726	1.668971	0.794771
85	-0.403087	-0.542082	-0.987546	1.570796	0.743791
86	-0.375586	-0.542513	-0.984362	2.503457	0.643137
87	-0.355668	-0.554842	-0.893097	5.105088	0.512418
88	-0.329892	-0.559383	-0.859489	2.626175	0.237908
89	-0.310349	-0.576362	-0.733808	4.810564	0.058824
90	-0.678388	-0.512252	-1.003393	1.178097	0.516340
91	-0.645599	-0.508238	-1.034715	4.491496	0.754248
92	-0.617159	-0.507442	-1.040920	1.227185	0.969935
93	-0.591118	-0.508636	-1.031605	1.448078	0.850980
94	-0.564953	-0.509836	-1.022245	3.951534	0.691503
95	-0.539090	-0.511444	-1.009697	0.834486	0.603922
96	-0.515100	-0.515100	-0.981172	6.037748	0.465359
97	-0.488810	-0.516742	-0.968363	0.834486	0.818301
98	-0.460511	-0.516331	-0.971573	3.558835	0.763399
99	-0.432257	-0.515920	-0.974778	3.853360	0.681046
100	-0.405337	-0.517154	-0.965148	5.522331	0.415686
101	-0.383499	-0.525536	-0.899754	3.411573	0.596078
102	-0.353944	-0.523838	-0.913002	0.760854	0.568627
103	-0.326684	-0.525536	-0.899754	5.350525	0.420915
104	-0.302692	-0.533315	-0.839059	4.319690	0.184314
105	-0.278212	-0.541780	-0.773012	4.957826	0.075817
106	-0.683789	-0.488421	-0.971573	3.755185	0.372549
107	-0.648139	-0.482657	-1.019116	0.049087	0.708497
108	-0.619584	-0.481898	-1.025370	4.540583	0.853595
109	-0.591118	-0.481142	-1.031605	2.797981	0.828758
110	-0.564953	-0.482277	-1.022245	3.853360	0.742484
111	-0.538665	-0.483417	-1.012842	1.791690	0.670588
112	-0.513876	-0.486099	-0.990726	1.079922	0.584314
113	-0.488810	-0.488810	-0.968363	3.141593	0.484967
114	-0.463092	-0.491158	-0.948996	3.092505	0.547712
115	-0.454684	-0.513353	-0.765938	4.835107	0.588235
116	-0.412575	-0.497935	-0.893097	3.755185	0.588235
117	-0.381643	-0.494723	-0.919593	5.227806	0.609150
118	-0.352521	-0.493529	-0.929442	5.718680	0.600000
119	-0.324842	-0.494324	-0.922881	3.141593	0.491503
120	-0.299734	-0.499557	-0.879720	4.368777	0.284967
121	-0.276135	-0.508670	-0.804557	5.743224	0.156863
122	-0.652244	-0.457959	-0.993900	4.933282	0.588235
123	-0.622027	-0.456153	-1.009697	5.006913	0.704575
124	-0.593445	-0.455435	-1.015981	2.037126	0.734641
125	-0.566289	-0.455793	-1.012842	4.687845	0.730719
126	-0.540368	-0.457235	-1.000234	2.528000	0.691503
127	-0.513469	-0.457959	-0.993900	5.252350	0.636601
128	-0.488810	-0.460878	-0.968363	4.687845	0.559477
129	-0.464207	-0.464207	-0.939242	0.490874	0.491503
130	-0.439957	-0.468342	-0.903074	5.252350	0.366013
131	-0.410576	-0.467207	-0.913002	3.092505	0.590850
132	-0.380111	-0.464580	-0.935981	1.104466	0.616993
133	-0.351108	-0.463463	-0.945750	5.399612	0.631373
134	-0.324058	-0.464953	-0.932714	3.485204	0.512418
135	-0.298036	-0.468342	-0.903074	2.503457	0.349020
136	-0.274090	-0.476051	-0.835634	3.215224	0.245752
137	-0.250390	-0.486052	-0.748148	5.865942	0.129412
138	-0.659555	-0.435026	-0.948996	2.135301	0.400000
139	-0.625480	-0.430886	-0.987546	1.791690	0.603922
140	-0.596734	-0.430204	-0.993900	2.380738	0.667974
141	-0.569430	-0.430545	-0.990726	6.258641	0.681046
142	-0.541224	-0.430204	-0.993900	2.577088	0.679739
143	-0.515100	-0.431570	-0.981172	3.509748	0.636601
144	-0.489981	-0.433983	-0.958703	2.380738	0.609150
145	-0.464580	-0.436423	-0.935981	5.031457	0.543791
146	-0.438537	-0.438537	-0.916300	5.129632	0.475817
147	-0.408924	-0.437126	-0.929442	0.736311	0.598693
148	-0.378893	-0.435026	-0.948996	3.853360	0.631373
149	-0.350266	-0.434330	-0.955472	3.828816	0.656209
150	-0.323279	-0.435724	-0.942499	0.539961	0.521569
151	-0.297554	-0.439246	-0.909698	2.797981	0.386928
152	-0.272743	-0.445002	-0.856098	2.797981	0.308497
153	-0.247274	-0.450911	-0.801075	5.645049	0.224837
154	-0.222994	-0.460854	-0.708478	0.711767	0.133333
155	-0.691675	-0.426778	-0.751718	5.890486	0.545098
156	-0.632502	-0.407612	-0.942499	3.239767	0.445752
157	-0.598155	-0.403407	-0.984362	1.938952	0.679739
158	-0.572606	-0.405014	-0.968363	1.816233	0.620915
159	-0.544674	-0.405014	-0.968363	2.920699	0.628758
160	-0.518394	-0.406309	-0.955472	0.049087	0.640523
161	-0.492341	-0.407939	-0.939242	5.276894	0.609150
162	-0.465327	-0.408924	-0.929442	5.694137	0.583007
163	-0.448676	-0.419730	-0.821879	1.398990	0.588235
164	-0.407612	-0.407612	-0.942499	1.079922	0.615686
165	-0.377684	-0.405660	-0.961928	2.037126	0.665359
166	-0.349150	-0.405014	-0.968363	4.982369	0.681046
167	-0.323020	-0.407286	-0.945750	4.933282	0.491503
168	-0.297794	-0.411240	-0.906388	0.441786	0.409150
169	-0.272297	-0.415611	-0.862875	0.736311	0.346405
170	-0.246659	-0.420772	-0.811503	1.251728	0.274510
171	-0.220377	-0.426062	-0.758840	2.847068	0.226144
172	-0.195082	-0.435182	-0.668062	3.877903	0.138562
173	-0.723538	-0.398684	-0.737402	0.294524	0.307190
174	-0.687633	-0.395023	-0.776541	5.988661	0.559477
175	-0.626473	-0.375884	-0.981172	5.227806	0.423529
176	-0.598155	-0.375586	-0.984362	5.203263	0.496732
177	-0.577669	-0.380416	-0.932714	3.902447	0.528105
178	-0.549049	-0.380111	-0.935981	5.203263	0.583007
179	-0.522151	-0.381029	-0.926164	4.025165	0.596078
180	-0.494324	-0.381336	-0.922881	2.184389	0.605229
181	-0.477623	-0.390783	-0.821879	3.092505	0.588235
182	-0.436073	-0.379806	-0.939242	1.300816	0.605229
183	-0.405660	-0.377684	-0.961928	5.080544	0.644444
184	-0.377082	-0.377082	-0.968363	1.227185	0.749020
185	-0.349150	-0.377082	-0.968363	0.834486	0.640523
186	-0.323279	-0.379501	-0.942499	5.988661	0.461438
187	-0.298036	-0.383189	-0.903074	5.006913	0.318954
188	-0.271852	-0.386317	-0.869629	5.080544	0.354248
189	-0.246048	-0.390783	-0.821879	5.178719	0.322876
190	-0.219824	-0.395684	-0.769478	3.534292	0.277124
191	-0.192934	-0.400709	-0.715746	1.104466	0.228758
192	-0.166638	-0.409022	-0.626876	1.767146	0.142484
193	-0.720503	-0.367603	-0.755282	5.178719	0.360784
194	-0.685345	-0.364545	-0.790596	3.509748	0.569935
195	-0.623502	-0.346390	-1.000234	2.871612	0.667974
196	-0.597681	-0.347489	-0.987546	5.645049	0.266667
197	-0.585673	-0.357118	-0.876362	5.325981	0.396078
198	-0.554842	-0.355668	-0.893097	0.711767	0.494118
199	-0.525962	-0.355380	-0.896428	1.030835	0.545098
200	-0.507408	-0.362434	-0.814968	5.620505	0.588235
201	-0.464207	-0.351672	-0.939242	4.712389	0.600000
202	-0.433983	-0.349987	-0.958703	6.062292	0.639216
203	-0.405337	-0.349428	-0.965148	1.055379	0.768627
204	-0.376782	-0.348872	-0.971573	2.945243	0.793464
205	-0.349987	-0.349987	-0.958703	3.166136	0.562092
206	-0.324319	-0.352521	-0.929442	3.313398	0.453595
207	-0.297794	-0.354517	-0.906388	1.668971	0.267974
208	-0.272520	-0.358579	-0.859489	0.343612	0.385621
209	-0.245643	-0.361239	-0.828768	2.331651	0.363399
210	-0.219457	-0.365762	-0.776541	1.963495	0.325490
211	-0.192608	-0.370400	-0.722989	0.000000	0.278431
212	-0.164928	-0.374836	-0.671767	5.203263	0.231373
213	-0.137890	-0.383027	-0.577182	2.380738	0.142484
214	0.866026	-0.323144	-1.268655	3.460661	0.084967
215	0.887948	-0.321720	-1.285092	4.663301	0.112418
216	0.910344	-0.320544	-1.298680	3.018874	0.142484
217	0.932577	-0.319376	-1.312169	0.122718	0.171242
218	0.954648	-0.318216	-1.325560	0.515418	0.198693
219	0.975853	-0.316835	-1.341501	0.171806	0.228758
220	0.997593	-0.315694	-1.354680	1.448078	0.256209
221	1.019177	-0.314561	-1.367764	1.251728	0.282353
222	1.039863	-0.313212	-1.383342	3.190680	0.304575
223	1.060372	-0.311874	-1.398787	0.760854	0.324183
224	1.086095	-0.312096	-1.396222	0.589049	0.232680
225	-0.717493	-0.336782	-0.773012	2.748894	0.383007
226	-0.682506	-0.333992	-0.808033	3.583379	0.577778
227	-0.621537	-0.317674	-1.012842	5.350525	0.708497
228	-0.600060	-0.320962	-0.971573	2.454369	0.086275
229	-0.601356	-0.337346	-0.765938	2.061670	0.588235
230	-0.569164	-0.335661	-0.787091	5.056001	0.588235
231	-0.536847	-0.333716	-0.811503	4.344233	0.588235
232	-0.493132	-0.324058	-0.932714	3.264311	0.607843
233	-0.461982	-0.321988	-0.958703	1.521709	0.640523
234	-0.432946	-0.321218	-0.968363	2.577088	0.769935
235	-0.404370	-0.320707	-0.974778	0.515418	0.905882
236	-0.377383	-0.321474	-0.965148	6.086836	0.687582
237	-0.351108	-0.323020	-0.945750	1.718058	0.533333
238	-0.325366	-0.325366	-0.916300	2.601631	0.486275
239	-0.298761	-0.327215	-0.893097	0.098175	0.267974
240	-0.270968	-0.328013	-0.883072	3.681554	0.116340
241	-0.246048	-0.332889	-0.821879	2.822525	0.386928
242	-0.219092	-0.335940	-0.783580	0.343612	0.363399
243	-0.192121	-0.339906	-0.733808	5.325981	0.329412
244	-0.164506	-0.343966	-0.682846	0.539961	0.282353
245	-0.136341	-0.348426	-0.626876	1.153554	0.231373
246	-0.108480	-0.356436	-0.526345	2.528000	0.138562
247	0.129939	-0.332066	-0.832204	2.552544	0.058824
248	0.158163	-0.330704	-0.849299	5.203263	0.079739
249	0.186156	-0.329353	-0.866255	6.062292	0.101961
250	0.213748	-0.327747	-0.886419	1.816233	0.122876
251	0.241267	-0.326420	-0.903074	1.816233	0.143791
252	0.268348	-0.324842	-0.922881	5.105088	0.166013
253	0.295404	-0.323538	-0.939242	2.135301	0.186928
254	0.321731	-0.321731	-0.961928	2.552544	0.210458
255	0.348041	-0.320197	-0.981172	2.896156	0.233987
256	0.374990	-0.319436	-0.990726	6.135923	0.257516
257	0.400862	-0.317925	-1.009697	0.539961	0.282353
258	0.426489	-0.316427	-1.028490	4.589670	0.304575
259	0.452230	-0.315190	-1.044016	0.417243	0.329412
260	0.477027	-0.313475	-1.065549	4.246059	0.351634
261	0.501944	-0.312019	-1.083820	4.270602	0.372549
262	0.526630	-0.310577	-1.101923	0.883573	0.392157
263	0.551512	-0.309385	-1.116881	3.337942	0.413072
264	0.575764	-0.307967	-1.134680	2.969787	0.433987
265	0.599795	-0.306562	-1.152316	6.234098	0.450980
266	0.624079	-0.305400	-1.166891	2.012583	0.466667
267	0.647692	-0.304019	-1.184235	5.375069	0.482353
268	0.671596	-0.302876	-1.198569	0.908117	0.495425
269	0.694801	-0.301517	-1.215629	1.644427	0.509804
270	0.718333	-0.300394	-1.229729	5.620505	0.524183
271	0.741691	-0.299279	-1.243724	1.472622	0.537255
272	0.764311	-0.297952	-1.260381	5.988661	0.552941
273	0.787310	-0.296855	-1.274150	1.693515	0.566013
274	0.810141	-0.295766	-1.287818	5.178719	0.579085
275	0.832804	-0.294685	-1.301386	5.301437	0.598693
276	0.854681	-0.293398	-1.317537	0.981748	0.615686
277	0.877002	-0.292334	-1.330889	5.056001	0.633987
278	0.899162	-0.291278	-1.344144	0.269981	0.644444
279	0.921163	-0.290229	-1.357304	6.013205	0.650980
280	0.943682	-0.289396	-1.367764	4.835107	0.658824
281	0.965382	-0.288361	-1.380755	2.356194	0.667974
282	0.986927	-0.287333	-1.393654	2.184389	0.674510
283	1.008319	-0.286313	-1.406460	1.497165	0.681046
284	1.029560	-0.285300	-1.419176	3.706097	0.688889
285	1.051392	-0.284494	-1.429284	0.957204	0.695425
286	1.086095	-0.287129	-1.396222	3.387029	0.337255
287	-0.650699	-0.290738	-1.003393	2.184389	0.341176
288	-0.620071	-0.289366	-1.022245	2.896156	0.563399
289	-0.615245	-0.300469	-0.869629	1.104466	0.597386
290	-0.583770	-0.299004	-0.889761	5.105088	0.600000
291	-0.552153	-0.297313	-0.913002	4.761476	0.606536
292	-0.521311	-0.295879	-0.932714	4.933282	0.622222
293	-0.490765	-0.294459	-0.952237	5.031457	0.653595
294	-0.460878	-0.293286	-0.968363	2.552544	0.732026
295	-0.431914	-0.292587	-0.977978	5.203263	0.921569
296	-0.405337	-0.293520	-0.965148	1.791690	0.713725
297	-0.378893	-0.294695	-0.948996	2.601631	0.554248
298	-0.352521	-0.296117	-0.929442	2.969787	0.528105
299	-0.325892	-0.297554	-0.909698	0.908117	0.491503
300	-0.299247	-0.299247	-0.886419	0.196350	0.356863
301	-0.273415	-0.302195	-0.845892	2.380738	0.433987
302	-0.246455	-0.304445	-0.814968	1.570796	0.410458
303	-0.219457	-0.307240	-0.776541	0.490874	0.388235
304	-0.191797	-0.309827	-0.740990	4.344233	0.367320
305	-0.164086	-0.313254	-0.693869	1.448078	0.333333
306	-0.133796	-0.312192	-0.708478	2.601631	0.444444
307	-0.103537	-0.310611	-0.730208	4.049709	0.473203
308	-0.073582	-0.309046	-0.751718	0.417243	0.501961
309	-0.043928	-0.307497	-0.773012	0.981748	0.525490
310	-0.014570	-0.305963	-0.794095	4.736933	0.549020
311	0.014497	-0.304445	-0.814968	3.436117	0.575163
312	0.043277	-0.302941	-0.835634	5.252350	0.600000
313	0.071892	-0.301947	-0.849299	4.147884	0.611765
314	0.100238	-0.300714	-0.866255	0.269981	0.613072
315	0.128249	-0.299247	-0.886419	3.313398	0.613072
316	0.156114	-0.298036	-0.903074	3.706097	0.615686
317	0.183903	-0.297073	-0.916300	3.436117	0.615686
318	0.211342	-0.295879	-0.932714	1.153554	0.616993
319	0.238563	-0.294695	-0.948996	5.915030	0.619608
320	0.265566	-0.293520	-0.965148	0.515418	0.619608
321	0.292354	-0.292354	-0.981172	0.711767	0.620915
322	0.319183	-0.291428	-0.993900	3.779729	0.623529
323	0.345298	-0.290050	-1.012842	3.657010	0.623529
324	0.371458	-0.288912	-1.028490	4.736933	0.624837
325	0.397414	-0.287783	-1.044016	3.804272	0.624837
326	0.423168	-0.286662	-1.059420	5.522331	0.626144
327	0.448721	-0.285550	-1.074706	4.712389	0.627451
328	0.474078	-0.284447	-1.089873	3.092505	0.627451
329	0.499239	-0.283352	-1.104924	5.718680	0.630065
330	0.524609	-0.282482	-1.116881	4.123340	0.630065
331	0.549824	-0.281617	-1.128765	3.779729	0.631373
332	0.574448	-0.280544	-1.143518	4.098797	0.633987
333	0.598429	-0.279267	-1.161074	3.288855	0.633987
334	0.622664	-0.278212	-1.175583	4.761476	0.633987
335	0.646716	-0.277164	-1.189982	4.442408	0.636601
336	0.670588	-0.276124	-1.204273	2.061670	0.636601
337	0.694801	-0.275298	-1.215629	4.687845	0.636601
338	0.718333	-0.274273	-1.229729	3.779729	0.636601
339	0.741691	-0.273255	-1.243724	5.669593	0.640523
340	0.764876	-0.272244	-1.257615	5.325981	0.640523
341	0.787890	-0.271241	-1.271404	0.859029	0.641830
342	0.810736	-0.270245	-1.285092	5.129632	0.644444
343	0.833414	-0.269257	-1.298680	2.086214	0.648366
344	0.855926	-0.268275	-1.312169	3.534292	0.654902
345	0.878276	-0.267301	-1.325560	1.374447	0.662745
346	0.900463	-0.266334	-1.338854	0.981748	0.670588
347	0.922491	-0.265374	-1.352052	5.129632	0.678431
348	0.945719	-0.264801	-1.359925	5.325981	0.683660
349	0.967458	-0.263852	-1.372972	2.650719	0.688889
350	0.989042	-0.262910	-1.385926	3.951534	0.692810
351	1.010472	-0.261974	-1.398787	2.503457	0.696732
352	1.032483	-0.261231	-1.409011	2.307107	0.700654
353	1.053623	-0.260307	-1.421709	1.914408	0.705882
354	1.086095	-0.262161	-1.396222	5.522331	0.440523
355	1.134496	-0.267690	-1.320215	1.178097	0.303268
356	-1.119132	-0.327131	-0.029760	3.828816	0.096732
357	-1.078342	-0.325214	-0.058883	6.234098	0.142484
358	-1.037019	-0.323006	-0.092431	5.325981	0.194771
359	-0.997215	-0.321137	-0.120825	2.773437	0.237908
360	-0.956952	-0.318984	-0.153540	3.902447	0.282353
361	-0.916353	-0.316558	-0.190395	5.546874	0.325490
362	-0.877194	-0.314466	-0.222187	4.049709	0.373856
363	-0.838550	-0.312401	-0.253561	5.546874	0.420915
364	-0.801156	-0.310652	-0.280127	0.294524	0.457516
365	-0.646105	-0.261192	-1.031605	3.804272	0.640523
366	-0.620071	-0.261808	-1.022245	4.417865	0.341176
367	-0.613243	-0.270968	-0.883072	1.742602	0.613072
368	-0.581408	-0.269433	-0.906388	2.478913	0.627451
369	-0.550819	-0.268348	-0.922881	1.374447	0.640523
370	-0.520474	-0.267271	-0.939242	1.030835	0.666667
371	-0.489981	-0.265990	-0.958703	1.718058	0.734641
372	-0.461246	-0.265566	-0.965148	3.362486	0.783007
373	-0.434330	-0.266202	-0.955472	4.147884	0.682353
374	-0.407612	-0.267056	-0.942499	3.190680	0.564706
375	-0.380722	-0.267916	-0.929442	2.969787	0.538562
376	-0.354517	-0.269433	-0.906388	2.994330	0.511111
377	-0.327747	-0.270747	-0.886419	2.896156	0.482353
378	-0.301206	-0.272520	-0.859489	2.945243	0.461438
379	-0.274090	-0.274090	-0.835634	4.761476	0.452288
380	-0.247068	-0.276135	-0.804557	2.429826	0.433987
381	-0.219824	-0.278444	-0.769478	4.344233	0.411765
382	-0.192121	-0.280792	-0.733808	0.932660	0.390850
383	-0.164086	-0.283421	-0.693869	5.473243	0.627451
384	-0.133570	-0.281981	-0.715746	5.350525	0.627451
385	-0.103363	-0.280555	-0.737402	1.006291	0.628758
386	-0.073521	-0.279379	-0.755282	2.675262	0.630065
387	-0.043928	-0.278212	-0.773012	1.521709	0.632680
388	-0.014606	-0.277516	-0.783580	2.405282	0.632680
389	0.014546	-0.276365	-0.801075	5.497787	0.633987
390	0.043456	-0.275223	-0.818426	3.681554	0.636601
391	0.072129	-0.274090	-0.835634	0.441786	0.636601
392	0.100567	-0.272967	-0.852702	1.276272	0.639216
393	0.128562	-0.271409	-0.876362	4.687845	0.640523
394	0.156494	-0.270308	-0.893097	1.398990	0.640523
395	0.184349	-0.269433	-0.906388	4.074253	0.641830
396	0.212024	-0.268564	-0.919593	1.546253	0.644444
397	0.239329	-0.267485	-0.935981	3.362486	0.644444
398	0.266415	-0.266415	-0.952237	2.307107	0.645752
399	0.293286	-0.265354	-0.968363	5.915030	0.648366
400	0.319943	-0.264301	-0.984362	2.675262	0.648366
401	0.346390	-0.263256	-1.000234	0.343612	0.649673
402	0.372335	-0.262014	-1.019116	5.571418	0.649673
403	0.398348	-0.260987	-1.034715	2.650719	0.650980
404	0.424490	-0.260171	-1.047106	0.981748	0.652288
405	0.450118	-0.259159	-1.062487	3.951534	0.653595
406	0.475548	-0.258154	-1.077749	0.736311	0.654902
407	0.500781	-0.257158	-1.092893	0.785398	0.656209
408	0.525820	-0.256169	-1.107920	0.711767	0.657516
409	0.551089	-0.255383	-1.119859	4.982369	0.657516
410	0.575764	-0.254407	-1.134680	4.761476	0.660131
411	0.599795	-0.253247	-1.152316	0.073631	0.661438
412	0.624552	-0.252479	-1.163985	1.546253	0.661438
413	0.648670	-0.251525	-1.178471	1.595340	0.661438
414	0.672606	-0.250579	-1.192849	0.171806	0.665359
415	0.696363	-0.249640	-1.207118	3.239767	0.665359
416	0.720481	-0.248893	-1.218457	0.368155	0.627451
417	0.743900	-0.247967	-1.232536	0.490874	0.627451
418	0.767146	-0.247047	-1.246510	0.122718	0.627451
419	0.790220	-0.246134	-1.260381	2.478913	0.626144
420	0.813124	-0.245228	-1.274150	0.662680	0.624837
421	0.835247	-0.244149	-1.290540	0.981748	0.627451
422	0.857802	-0.243257	-1.304088	2.380738	0.632680
423	0.880193	-0.242372	-1.317537	4.933282	0.636601
424	0.902422	-0.241493	-1.330889	4.835107	0.639216
425	0.925159	-0.240795	-1.341501	5.669593	0.643137
426	0.947082	-0.239927	-1.354680	1.079922	0.645752
427	0.968847	-0.239066	-1.367764	3.485204	0.649673
428	0.991166	-0.238382	-1.378165	1.718058	0.653595
429	1.012635	-0.237532	-1.391081	1.325359	0.657516
430	1.033950	-0.236687	-1.403906	0.196350	0.677124
431	1.055863	-0.236016	-1.414101	5.399612	0.673203
432	1.085322	-0.237024	-1.398787	5.964117	0.545098
433	1.133672	-0.242020	-1.322889	4.123340	0.407843
434	-1.686033	-0.314973	0.348524	3.460661	0.108497
435	-1.636865	-0.312660	0.309238	6.234098	0.137255
436	-1.588414	-0.310380	0.270525	4.663301	0.179085
437	-1.540665	-0.308133	0.232372	5.939573	0.291503
438	-1.493602	-0.305918	0.194768	5.767768	0.372549
439	-1.447211	-0.303736	0.157700	2.773437	0.422222
440	-1.400060	-0.301279	0.115980	6.258641	0.477124
441	-1.355024	-0.299161	0.080024	3.926991	0.530719
442	-1.310618	-0.297073	0.044570	5.105088	0.584314
443	-1.268082	-0.295307	0.014573	1.448078	0.600000
444	-1.227259	-0.293851	-0.010154	2.871612	0.603922
445	-1.186836	-0.292409	-0.034638	0.147262	0.606536
446	-1.145689	-0.290697	-0.063703	3.436117	0.610458
447	-1.106094	-0.289286	-0.087666	3.092505	0.611765
448	-1.066881	-0.287889	-0.111397	3.313398	0.614379
449	-1.027058	-0.286229	-0.139573	2.945243	0.615686
450	-0.987691	-0.284589	-0.167427	2.822525	0.618301
451	-0.949675	-0.283236	-0.190395	1.889864	0.620915
452	-0.912018	-0.281897	-0.213147	5.105088	0.623529
453	-0.874716	-0.280569	-0.235684	4.663301	0.624837
454	-0.836979	-0.278993	-0.262449	3.190680	0.624837
455	-0.799664	-0.277434	-0.288916	4.663301	0.627451
456	-0.643582	-0.232785	-1.047106	5.375069	0.735948
457	-0.621047	-0.234618	-1.015981	4.761476	0.128105
458	-0.612744	-0.242248	-0.886419	1.718058	0.606536
459	-0.580938	-0.240877	-0.909698	1.595340	0.645752
460	-0.549932	-0.239714	-0.929442	1.055379	0.679739
461	-0.520057	-0.238945	-0.942499	3.436117	0.682353
462	-0.491946	-0.238945	-0.942499	6.135923	0.647059
463	-0.463835	-0.238945	-0.942499	1.178097	0.583007
464	-0.436774	-0.239521	-0.932714	3.117049	0.549020
465	-0.410244	-0.240488	-0.916300	2.748894	0.533333
466	-0.383189	-0.241267	-0.903074	5.890486	0.516340
467	-0.356536	-0.242445	-0.883072	4.098797	0.491503
468	-0.329892	-0.243834	-0.859489	2.061670	0.475817
469	-0.302692	-0.245037	-0.839059	3.288855	0.467974
470	-0.275450	-0.246455	-0.814968	1.227185	0.461438
471	-0.247891	-0.247891	-0.790596	3.657010	0.452288
472	-0.220193	-0.249552	-0.762392	4.172428	0.436601
473	-0.192445	-0.251659	-0.726601	2.233476	0.414379
474	-0.164506	-0.254236	-0.682846	2.552544	0.390850
475	-0.134138	-0.253371	-0.697531	0.466330	0.605229
476	-0.103712	-0.251872	-0.722989	0.269981	0.605229
477	-0.073768	-0.250812	-0.740990	5.645049	0.603922
478	-0.044075	-0.249761	-0.758840	6.185010	0.603922
479	-0.014630	-0.248718	-0.776541	6.013205	0.603922
480	0.014570	-0.247685	-0.794095	4.957826	0.601307
481	0.043528	-0.246659	-0.811503	4.663301	0.600000
482	0.072307	-0.245845	-0.825327	3.067962	0.600000
483	0.100815	-0.244835	-0.842478	3.902447	0.600000
484	0.129088	-0.243834	-0.859489	3.362486	0.600000
485	0.157132	-0.242840	-0.876362	3.387029	0.596078
486	0.184947	-0.241854	-0.893097	1.595340	0.596078
487	0.212538	-0.240877	-0.909698	0.662680	0.596078
488	0.239907	-0.239907	-0.926164	6.209554	0.596078
489	0.267056	-0.238945	-0.942499	4.516039	0.596078
490	0.294224	-0.238181	-0.955472	1.938952	0.594771
491	0.320962	-0.237233	-0.971573	2.552544	0.592157
492	0.347489	-0.236292	-0.987546	6.037748	0.592157
493	0.373511	-0.235173	-1.006548	2.797981	0.592157
494	0.399915	-0.234433	-1.019116	3.018874	0.592157
495	0.425821	-0.233515	-1.034715	0.490874	0.592157
496	0.451524	-0.232603	-1.050192	3.755185	0.592157
497	0.477770	-0.232060	-1.059420	5.031457	0.592157
498	0.503112	-0.231160	-1.074706	5.178719	0.590850
499	0.528258	-0.230266	-1.089873	0.319068	0.589542
500	0.553637	-0.229557	-1.101923	5.890486	0.589542
501	0.578415	-0.228676	-1.116881	1.668971	0.588235
502	0.602544	-0.227628	-1.134680	1.423534	0.588235
503	0.626929	-0.226761	-1.149388	4.417865	0.588235
504	0.651129	-0.225902	-1.163985	4.074253	0.588235
505	0.675657	-0.225219	-1.175583	2.503457	0.588235
506	0.699509	-0.224371	-1.189982	2.037126	0.588235
507	0.723183	-0.223529	-1.204273	1.251728	0.588235
508	0.746680	-0.222694	-1.218457	0.269981	0.588235
509	0.770576	-0.222030	-1.229729	4.982369	0.588235
510	0.793739	-0.221206	-1.243724	3.951534	0.586928
511	0.816732	-0.220388	-1.257615	0.392699	0.586928
512	0.838937	-0.219414	-1.274150	2.307107	0.588235
513	0.861578	-0.218609	-1.287818	1.865321	0.592157
514	0.884701	-0.217970	-1.298680	5.792311	0.598693
515	0.907027	-0.217175	-1.312169	0.073631	0.606536
516	0.929190	-0.216387	-1.325560	1.865321	0.615686
517	0.951194	-0.215604	-1.338854	2.822525	0.627451
518	0.973038	-0.214827	-1.352052	5.645049	0.636601
519	0.994726	-0.214055	-1.365155	0.122718	0.644444
520	1.016259	-0.213289	-1.378165	4.417865	0.653595
521	1.037638	-0.212528	-1.391081	1.202641	0.664052
522	1.058865	-0.211773	-1.403906	0.343612	0.671895
523	1.085322	-0.212074	-1.398787	4.172428	0.647059
524	1.133672	-0.216544	-1.322889	4.246059	0.515033
525	1.184983	-0.221370	-1.240933	5.080544	0.373856
526	-1.714029	-0.276456	0.320404	5.227806	0.367320
527	-1.668396	-0.275010	0.292578	4.319690	0.413072
528	-1.623239	-0.273580	0.265041	4.957826	0.457516
529	-1.580184	-0.272446	0.243217	0.957204	0.530719
530	-1.534318	-0.270762	0.210818	6.258641	0.610458
531	-1.487493	-0.268824	0.173522	5.301437	0.626144
532	-1.442798	-0.267185	0.141976	3.853360	0.630065
533	-1.401477	-0.266103	0.121158	0.490874	0.632680
534	-1.359118	-0.264763	0.095372	1.889864	0.635294
535	-1.315866	-0.263173	0.064769	5.988661	0.636601
536	-1.271864	-0.261342	0.029527	2.969787	0.640523
537	-1.230900	-0.260049	0.004653	0.957204	0.641830
538	-1.190340	-0.258770	-0.019976	2.184389	0.644444
539	-1.150177	-0.257502	-0.044364	1.619884	0.645752
540	-1.109325	-0.255998	-0.073316	3.043418	0.648366
541	-1.068947	-0.254511	-0.101932	3.828816	0.614379
542	-1.029035	-0.253041	-0.130217	4.736933	0.610458
543	-0.990529	-0.251829	-0.153540	6.086836	0.607843
544	-0.951484	-0.250390	-0.181234	5.031457	0.606536
545	-0.913747	-0.249204	-0.204072	3.436117	0.603922
546	-0.876366	-0.248028	-0.226694	3.313398	0.602614
547	-0.838550	-0.246632	-0.253561	0.785398	0.600000
548	-0.801904	-0.245481	-0.275720	0.859029	0.610458
549	-0.642077	-0.204918	-1.056349	2.454369	0.605229
550	-0.728955	-0.242985	-0.323749	4.516039	0.610458
551	-0.619799	-0.216209	-0.839059	4.074253	0.338562
552	-0.585673	-0.214271	-0.876362	3.313398	0.444444
553	-0.554842	-0.213401	-0.893097	3.657010	0.487582
554	-0.524685	-0.212710	-0.906388	1.865321	0.496732
555	-0.495522	-0.212367	-0.913002	4.319690	0.508497
556	-0.467584	-0.212538	-0.909698	2.208932	0.508497
557	-0.440314	-0.213055	-0.899754	3.460661	0.509804
558	-0.412910	-0.213574	-0.889761	1.914408	0.500654
559	-0.386317	-0.214620	-0.869629	1.104466	0.475817
560	-0.358579	-0.215147	-0.859489	3.755185	0.481046
561	-0.331520	-0.216209	-0.839059	5.669593	0.483660
562	-0.304445	-0.217461	-0.814968	1.497165	0.475817
563	-0.277054	-0.218727	-0.790596	4.344233	0.467974
564	-0.249134	-0.219824	-0.769478	2.356194	0.461438
565	-0.220933	-0.220933	-0.748148	5.448700	0.452288
566	-0.192934	-0.222616	-0.715746	4.344233	0.437908
567	-0.164928	-0.224902	-0.671767	3.141593	0.414379
568	-0.134826	-0.224709	-0.675467	4.246059	0.562092
569	-0.104329	-0.223563	-0.697531	0.196350	0.562092
570	-0.074268	-0.222805	-0.712115	1.595340	0.562092
571	-0.044373	-0.221865	-0.730208	5.718680	0.559477
572	-0.014729	-0.220933	-0.748148	2.528000	0.558170
573	0.014655	-0.219824	-0.769478	1.595340	0.558170
574	0.043782	-0.218909	-0.787091	4.049709	0.556863
575	0.072667	-0.218002	-0.804557	5.227806	0.554248
576	0.101314	-0.217102	-0.821879	3.902447	0.554248
577	0.129725	-0.216209	-0.839059	5.595962	0.552941
578	0.157904	-0.215323	-0.856098	0.589049	0.552941
579	0.185853	-0.214445	-0.872998	3.902447	0.551634
580	0.213748	-0.213748	-0.886419	0.515418	0.550327
581	0.241267	-0.212883	-0.903074	1.619884	0.549020
582	0.268564	-0.212024	-0.919593	0.000000	0.549020
583	0.295642	-0.211173	-0.935981	0.932660	0.549020
584	0.322761	-0.210496	-0.948996	6.234098	0.549020
585	0.349707	-0.209824	-0.961928	1.865321	0.546405
586	0.375884	-0.208824	-0.981172	5.129632	0.545098
587	0.402449	-0.208163	-0.993900	0.809942	0.545098
588	0.428507	-0.207342	-1.009697	0.098175	0.543791
589	0.454361	-0.206528	-1.025370	3.607923	0.542484
590	0.480389	-0.205881	-1.037820	1.153554	0.541176
591	0.505859	-0.205078	-1.053273	4.393321	0.541176
592	0.531131	-0.204281	-1.068606	3.509748	0.541176
593	0.557070	-0.203806	-1.077749	2.822525	0.538562
594	0.582438	-0.203176	-1.089873	2.037126	0.537255
595	0.607182	-0.202394	-1.104924	1.570796	0.537255
596	0.631252	-0.201464	-1.122832	1.644427	0.537255
597	0.655602	-0.200695	-1.137630	3.387029	0.535948
598	0.679767	-0.199932	-1.152316	4.295146	0.535948
599	0.704282	-0.199325	-1.163985	3.092505	0.534641
600	0.728099	-0.198572	-1.178471	4.957826	0.534641
601	0.751736	-0.197825	-1.192849	2.724350	0.534641
602	0.775197	-0.197084	-1.207118	5.227806	0.534641
603	0.799079	-0.196495	-1.218457	5.080544	0.534641
604	0.822205	-0.195763	-1.232536	5.178719	0.532026
605	0.845161	-0.195037	-1.246510	3.951534	0.532026
606	0.867946	-0.194316	-1.260381	3.657010	0.532026
607	0.890564	-0.193601	-1.274150	5.056001	0.530719
608	0.913016	-0.192891	-1.287818	2.208932	0.530719
609	0.935988	-0.192326	-1.298680	4.663301	0.529412
610	0.958127	-0.191625	-1.312169	2.478913	0.528105
611	0.980105	-0.190930	-1.325560	0.957204	0.528105
612	1.002650	-0.190376	-1.336203	1.030835	0.528105
613	1.024324	-0.189690	-1.349420	6.037748	0.528105
614	1.045844	-0.189008	-1.362542	0.171806	0.525490
615	1.067208	-0.188331	-1.375570	4.246059	0.525490
616	1.088421	-0.187659	-1.388505	3.951534	0.525490
617	1.133672	-0.191068	-1.322889	4.663301	0.495425
618	1.184103	-0.195182	-1.243724	2.478913	0.431373
619	-1.719453	-0.240354	0.337241	4.074253	0.281046
620	-1.671894	-0.238842	0.303673	4.417865	0.352941
621	-1.624930	-0.237349	0.270525	4.933282	0.444444
622	-1.580184	-0.236119	0.243217	4.712389	0.521569
623	-1.534318	-0.234660	0.210818	2.577088	0.597386
624	-1.493602	-0.233938	0.194768	1.227185	0.600000
625	-1.450167	-0.232743	0.168237	1.276272	0.596078
626	-1.405745	-0.231325	0.136755	0.220893	0.593464
627	-1.361861	-0.229925	0.105655	1.079922	0.589542
628	-1.319829	-0.228770	0.080024	1.889864	0.585621
629	-1.279495	-0.227855	0.059704	0.024544	0.583007
630	-1.237018	-0.226496	0.029527	3.509748	0.579085
631	-1.196227	-0.225376	0.004653	0.564505	0.576471
632	-1.155838	-0.224267	-0.019976	2.110758	0.573856
633	-1.115844	-0.223169	-0.044364	4.859651	0.571242
634	-1.074146	-0.221649	-0.078109	5.375069	0.567320
635	-1.036015	-0.220790	-0.097186	3.853360	0.566013
636	-0.996255	-0.219514	-0.125526	4.908738	0.562092
637	-0.957869	-0.218461	-0.148893	4.074253	0.560784
638	-0.919850	-0.217419	-0.172038	5.301437	0.558170
639	-0.882192	-0.216387	-0.194963	0.269981	0.555556
640	-0.844890	-0.215364	-0.217671	3.337942	0.551634
641	-0.668878	-0.177457	-1.059420	3.166136	0.571242
642	-0.642578	-0.177734	-1.053273	1.374447	0.407843
643	-0.735070	-0.212353	-0.284526	2.380738	0.542484
644	-0.699142	-0.211369	-0.306397	2.626175	0.539869
645	-0.604899	-0.191797	-0.740990	2.552544	0.058824
646	-0.564464	-0.188155	-0.821879	0.441786	0.230065
647	-0.531567	-0.186767	-0.852702	2.405282	0.413072
648	-0.502421	-0.186614	-0.856098	6.111379	0.436601
649	-0.472551	-0.186156	-0.866255	2.061670	0.456209
650	-0.445002	-0.186614	-0.856098	5.105088	0.457516
651	-0.415951	-0.186461	-0.859489	5.669593	0.163399
652	-0.389496	-0.187535	-0.835634	2.773437	0.466667
653	-0.361537	-0.187999	-0.825327	0.564505	0.471895
654	-0.333716	-0.188622	-0.811503	1.767146	0.478431
655	-0.305963	-0.189406	-0.794095	2.945243	0.482353
656	-0.278444	-0.190514	-0.769478	0.319068	0.475817
657	-0.250390	-0.191475	-0.748148	3.583379	0.467974
658	-0.222240	-0.192608	-0.722989	1.006291	0.460131
659	-0.193919	-0.193919	-0.693869	0.711767	0.452288
660	-0.165210	-0.195249	-0.664350	3.288855	0.439216
661	-0.135988	-0.196427	-0.638186	1.006291	0.504575
662	-0.105314	-0.195584	-0.656906	3.755185	0.504575
663	-0.074839	-0.194582	-0.679160	2.797981	0.503268
664	-0.044713	-0.193754	-0.697531	5.375069	0.500654
665	-0.014841	-0.192934	-0.715746	2.847068	0.500654
666	0.014779	-0.192121	-0.733808	0.687223	0.499346
667	0.044224	-0.191636	-0.744572	6.135923	0.499346
668	0.073398	-0.190834	-0.762392	1.938952	0.496732
669	0.102328	-0.190038	-0.780063	1.349903	0.495425
670	0.131018	-0.189249	-0.797588	4.516039	0.495425
671	0.159339	-0.188310	-0.818426	4.442408	0.495425
672	0.187535	-0.187535	-0.835634	4.319690	0.494118
673	0.215677	-0.186920	-0.849299	3.657010	0.492810
674	0.243435	-0.186156	-0.866255	2.135301	0.492810
675	0.271188	-0.185550	-0.879720	6.013205	0.491503
676	0.298761	-0.184947	-0.893097	5.473243	0.491503
677	0.325892	-0.184200	-0.909698	3.141593	0.488889
678	0.353089	-0.183606	-0.922881	2.650719	0.487582
679	0.379806	-0.182869	-0.939242	2.675262	0.486275
680	0.406309	-0.182139	-0.955472	3.460661	0.484967
681	0.432601	-0.181413	-0.971573	2.847068	0.484967
682	0.458685	-0.180694	-0.987546	5.325981	0.483660
683	0.485330	-0.180265	-0.997070	3.411573	0.483660
684	0.511041	-0.179555	-1.012842	1.644427	0.482353
685	0.536551	-0.178850	-1.028490	2.478913	0.481046
686	0.561861	-0.178151	-1.044016	0.417243	0.479739
687	0.587432	-0.177596	-1.056349	0.196350	0.478431
688	0.612368	-0.176906	-1.071658	4.049709	0.478431
689	0.636619	-0.176086	-1.089873	6.037748	0.477124
690	0.661154	-0.175408	-1.104924	2.969787	0.477124
691	0.685501	-0.174736	-1.119859	4.638758	0.477124
692	0.710205	-0.174201	-1.131725	6.062292	0.477124
693	0.734758	-0.173670	-1.143518	5.767768	0.474510
694	0.758586	-0.173011	-1.158159	0.515418	0.474510
695	0.782233	-0.172356	-1.172690	4.516039	0.474510
696	0.805702	-0.171707	-1.187111	5.497787	0.470588
697	0.828995	-0.171063	-1.201423	5.522331	0.470588
698	0.852114	-0.170423	-1.215629	2.356194	0.470588
699	0.875060	-0.169788	-1.229729	3.509748	0.470588
700	0.897836	-0.169158	-1.243724	2.699806	0.470588
701	0.921125	-0.168657	-1.254845	1.472622	0.469281
702	0.943580	-0.168035	-1.268655	3.018874	0.467974
703	0.965870	-0.167418	-1.282363	5.988661	0.466667
704	0.987997	-0.166805	-1.295971	2.233476	0.466667
705	1.009963	-0.166196	-1.309479	2.405282	0.466667
706	1.031769	-0.165593	-1.322889	3.387029	0.466667
707	1.053417	-0.164993	-1.336203	3.387029	0.466667
708	1.074908	-0.164398	-1.349420	3.509748	0.464052
709	1.096246	-0.163807	-1.362542	0.957204	0.464052
710	1.133672	-0.165593	-1.322889	2.258020	0.375163
711	1.185864	-0.169409	-1.238138	6.062292	0.349020
712	1.237693	-0.173011	-1.158159	5.620505	0.329412
713	-1.732244	-0.204889	0.376944	3.313398	0.562092
714	-1.684252	-0.203591	0.342877	1.816233	0.558170
715	-1.638584	-0.202522	0.314815	1.448078	0.554248
716	-1.593394	-0.201464	0.287047	1.227185	0.549020
717	-1.547064	-0.200208	0.254106	3.804272	0.545098
718	-1.504414	-0.199380	0.232372	2.380738	0.539869
719	-1.460611	-0.198355	0.205457	1.570796	0.537255
720	-1.415807	-0.197138	0.173522	3.239767	0.532026
721	-1.372944	-0.196135	0.147207	4.859651	0.528105
722	-1.330516	-0.195142	0.121158	4.786020	0.524183
723	-1.288515	-0.194160	0.095372	4.344233	0.518954
724	-1.248185	-0.193381	0.074929	4.098797	0.516340
725	-1.206972	-0.192416	0.049605	1.178097	0.512418
726	-1.166168	-0.191460	0.024532	1.816233	0.508497
727	-1.124656	-0.190326	-0.005228	0.392699	0.504575
728	-1.084697	-0.189392	-0.029760	5.841399	0.500654
729	-1.046152	-0.188650	-0.049213	2.871612	0.498039
730	-1.006925	-0.187732	-0.073316	2.724350	0.495425
731	-0.968079	-0.186822	-0.097186	0.073631	0.492810
732	-0.929608	-0.185922	-0.120825	1.153554	0.491503
733	-0.891505	-0.185029	-0.144238	3.877903	0.491503
734	-0.853767	-0.184146	-0.167427	2.601631	0.487582
735	-0.665767	-0.149458	-1.077749	5.865942	0.715033
736	-0.643582	-0.150625	-1.047106	0.392699	0.186928
737	-0.743383	-0.181716	-0.231193	1.963495	0.478431
738	-0.707012	-0.180864	-0.253561	3.804272	0.477124
739	-0.670981	-0.180019	-0.275720	4.908738	0.474510
740	-0.568690	-0.160400	-0.790596	3.166136	0.464052
741	-0.533754	-0.158684	-0.835634	1.644427	0.707190
742	-0.504073	-0.158423	-0.842478	1.006291	0.850980
743	-0.474489	-0.158163	-0.849299	0.981748	0.980392
744	-0.446464	-0.158423	-0.842478	3.387029	0.912418
745	-0.418692	-0.158814	-0.832204	6.037748	0.814379
746	-0.390460	-0.159076	-0.825327	5.718680	0.715033
747	-0.363940	-0.160133	-0.797588	3.877903	0.671895
748	-0.336501	-0.160935	-0.776541	1.742602	0.469281
749	-0.308270	-0.161475	-0.762392	3.951534	0.474510
750	-0.279848	-0.162017	-0.748148	3.166136	0.482353
751	-0.251659	-0.162838	-0.726601	1.767146	0.474510
752	-0.223373	-0.163807	-0.701186	1.202641	0.466667
753	-0.195082	-0.165069	-0.668062	2.650719	0.457516
754	-0.165921	-0.165921	-0.645694	5.031457	0.449673
755	-0.136695	-0.167072	-0.615508	4.025165	0.440523
756	-0.106318	-0.167072	-0.615508	3.877903	0.444444
757	-0.075614	-0.166351	-0.634423	5.448700	0.441830
758	-0.045212	-0.165779	-0.649438	3.166136	0.441830
759	-0.015006	-0.165069	-0.668062	4.000622	0.441830
760	0.014942	-0.164365	-0.686527	3.436117	0.439216
761	0.044637	-0.163668	-0.704835	3.730641	0.437908
762	0.074080	-0.162976	-0.722989	0.392699	0.437908
763	0.103276	-0.162290	-0.740990	6.258641	0.437908
764	0.132226	-0.161610	-0.758840	3.779729	0.437908
765	0.161070	-0.161070	-0.773012	1.644427	0.435294
766	0.189563	-0.160400	-0.790596	5.031457	0.433987
767	0.218002	-0.159868	-0.804557	5.080544	0.433987
768	0.246048	-0.159208	-0.821879	2.135301	0.431373
769	0.273865	-0.158553	-0.839059	4.884195	0.430065
770	0.301700	-0.158033	-0.852702	1.963495	0.428758
771	0.329085	-0.157388	-0.869629	2.184389	0.427451
772	0.356536	-0.156876	-0.883072	4.687845	0.424837
773	0.383810	-0.156367	-0.896428	4.638758	0.423529
774	0.410244	-0.155610	-0.916300	0.687223	0.422222
775	0.436774	-0.154984	-0.932714	0.957204	0.420915
776	0.463463	-0.154488	-0.945750	0.073631	0.419608
777	0.489590	-0.153871	-0.961928	0.981748	0.418301
778	0.515920	-0.153382	-0.974778	3.117049	0.416993
779	0.541653	-0.152774	-0.990726	2.282563	0.415686
780	0.567183	-0.152171	-1.006548	3.362486	0.413072
781	0.593445	-0.151812	-1.015981	2.331651	0.413072
782	0.618612	-0.151216	-1.031605	4.540583	0.409150
783	0.643582	-0.150625	-1.047106	1.791690	0.407843
784	0.667838	-0.149923	-1.065549	1.276272	0.406536
785	0.692941	-0.149458	-1.077749	1.914408	0.403922
786	0.717335	-0.148881	-1.092893	2.356194	0.403922
787	0.741541	-0.148308	-1.107920	1.472622	0.402614
788	0.766149	-0.147853	-1.119859	5.620505	0.400000
789	0.790002	-0.147288	-1.134680	5.448700	0.400000
790	0.814914	-0.146952	-1.143518	0.049087	0.397386
791	0.839074	-0.146505	-1.155240	3.730641	0.396078
792	0.862435	-0.145951	-1.169793	1.619884	0.392157
793	0.885619	-0.145400	-1.184235	4.368777	0.392157
794	0.908629	-0.144854	-1.198569	0.319068	0.390850
795	0.931467	-0.144312	-1.212796	1.055379	0.389542
796	0.954135	-0.143774	-1.226917	4.466952	0.388235
797	0.976634	-0.143240	-1.240933	0.490874	0.388235
798	0.999707	-0.142815	-1.252071	5.792311	0.388235
799	1.022643	-0.142393	-1.263143	4.589670	0.385621
800	1.044675	-0.141869	-1.276892	4.516039	0.384314
801	1.066546	-0.141349	-1.290540	1.153554	0.381699
802	1.088256	-0.140833	-1.304088	2.822525	0.379085
803	1.110617	-0.140423	-1.314855	5.546874	0.377778
804	1.134496	-0.140219	-1.320215	1.988039	0.351634
805	1.185864	-0.143346	-1.238138	3.092505	0.315033
806	1.237693	-0.146394	-1.158159	3.067962	0.295425
807	-1.704046	-0.168532	0.405667	0.711767	0.471895
808	-1.657739	-0.167637	0.376944	5.301437	0.470588
809	-1.611921	-0.166750	0.348524	3.239767	0.466667
810	-1.566586	-0.165874	0.320404	5.178719	0.465359
811	-1.521724	-0.165006	0.292578	0.760854	0.462745
812	-1.477330	-0.164148	0.265041	0.024544	0.458824
813	-1.433394	-0.163298	0.237789	4.663301	0.453595
814	-1.389912	-0.162457	0.210818	1.963495	0.452288
815	-1.346875	-0.161625	0.184123	2.626175	0.448366
816	-1.304276	-0.160801	0.157700	0.539961	0.445752
817	-1.262110	-0.159986	0.131546	5.252350	0.441830
818	-1.220369	-0.159179	0.105655	1.644427	0.437908
819	-1.179047	-0.158379	0.080024	0.809942	0.436601
820	-1.137002	-0.157431	0.049605	3.215224	0.433987
821	-1.097636	-0.156805	0.029527	0.613592	0.428758
822	-1.057534	-0.156030	0.004653	0.515418	0.424837
823	-1.018830	-0.155415	-0.015070	0.589049	0.420915
824	-0.980430	-0.154805	-0.034638	3.730641	0.416993
825	-0.941409	-0.154049	-0.058883	1.055379	0.416993
826	-0.902768	-0.153300	-0.082892	1.079922	0.413072
827	-0.864501	-0.152559	-0.106669	1.129010	0.411765
828	-0.664736	-0.122094	-1.083820	3.411573	0.677124
829	-0.789066	-0.151098	-0.153540	6.111379	0.407843
830	-0.753324	-0.150665	-0.167427	0.343612	0.405229
831	-0.716421	-0.149949	-0.190395	5.399612	0.403922
832	-0.679225	-0.149098	-0.217671	4.614214	0.400000
833	-0.578803	-0.133570	-0.715746	5.890486	0.183007
834	-0.536847	-0.130584	-0.811503	4.957826	0.632680
835	-0.505318	-0.129939	-0.832204	0.343612	0.794771
836	-0.476051	-0.129832	-0.835634	1.497165	0.904575
837	-0.447568	-0.129939	-0.832204	2.675262	0.858824
838	-0.419038	-0.130046	-0.828768	3.632466	0.783007
839	-0.391106	-0.130369	-0.818426	1.202641	0.717647
840	-0.363940	-0.131018	-0.797588	3.583379	0.675817
841	-0.336782	-0.131784	-0.773012	2.847068	0.632680
842	-0.308787	-0.132337	-0.755282	4.295146	0.588235
843	-0.281742	-0.133457	-0.719370	3.460661	0.543791
844	-0.253156	-0.134024	-0.701186	4.442408	0.478431
845	-0.224709	-0.134826	-0.675467	4.025165	0.474510
846	-0.196089	-0.135754	-0.645694	3.534292	0.465359
847	-0.166783	-0.136458	-0.623093	5.227806	0.457516
848	-0.137409	-0.137409	-0.592592	2.307107	0.448366
849	-0.107530	-0.138252	-0.565553	2.601631	0.436601
850	-0.076874	-0.138374	-0.561663	1.570796	0.363399
851	-0.045963	-0.137890	-0.577182	6.185010	0.363399
852	-0.015241	-0.137170	-0.600257	3.141593	0.362092
853	0.015188	-0.136695	-0.615508	2.896156	0.359477
854	0.045368	-0.136105	-0.634423	0.049087	0.358170
855	0.075354	-0.135637	-0.649438	1.840777	0.355556
856	0.105044	-0.135056	-0.668062	0.564505	0.352941
857	0.134596	-0.134596	-0.682846	2.626175	0.351634
858	0.163807	-0.134024	-0.701186	1.325359	0.349020
859	0.192934	-0.133570	-0.715746	4.344233	0.346405
860	0.221678	-0.133007	-0.733808	0.809942	0.346405
861	0.250180	-0.132448	-0.751718	5.375069	0.342484
862	0.278444	-0.131895	-0.769478	3.067962	0.342484
863	0.306473	-0.131346	-0.787091	2.208932	0.342484
864	0.334547	-0.130910	-0.801075	5.743224	0.338562
865	0.362135	-0.130369	-0.818426	2.797981	0.338562
866	0.389817	-0.129939	-0.832204	0.736311	0.338562
867	0.416975	-0.129406	-0.849299	3.190680	0.338562
868	0.443549	-0.128772	-0.869629	3.460661	0.338562
869	0.470628	-0.128353	-0.883072	2.773437	0.338562
870	0.497128	-0.127833	-0.899754	4.123340	0.338562
871	0.523838	-0.127420	-0.913002	3.436117	0.335948
872	0.549932	-0.126907	-0.929442	4.516039	0.335948
873	0.576279	-0.126500	-0.942499	2.307107	0.335948
874	0.602458	-0.126096	-0.955472	5.325981	0.334641
875	0.627970	-0.125594	-0.971573	1.914408	0.333333
876	0.653797	-0.125195	-0.984362	4.295146	0.332026
877	0.679461	-0.124799	-0.997070	6.135923	0.332026
878	0.704408	-0.124307	-1.012842	4.687845	0.332026
879	0.729732	-0.123917	-1.025370	4.319690	0.332026
880	0.754306	-0.123432	-1.040920	3.632466	0.329412
881	0.779296	-0.123047	-1.053273	2.847068	0.329412
882	0.803506	-0.122569	-1.068606	0.711767	0.329412
883	0.828170	-0.122189	-1.080787	2.871612	0.329412
884	0.852023	-0.121718	-1.095907	5.620505	0.329412
885	0.876366	-0.121343	-1.107920	5.399612	0.326797
886	0.900561	-0.120971	-1.119859	0.392699	0.326797
887	0.923900	-0.120509	-1.134680	2.159845	0.325490
888	0.947784	-0.120142	-1.146455	1.718058	0.325490
889	0.970785	-0.119686	-1.161074	5.350525	0.325490
890	0.993613	-0.119234	-1.175583	5.939573	0.325490
891	1.017034	-0.118874	-1.187111	2.233476	0.325490
892	1.039534	-0.118428	-1.201423	3.166136	0.325490
893	1.061865	-0.117985	-1.215629	3.926991	0.321569
894	1.084838	-0.117633	-1.226917	3.117049	0.321569
895	1.106852	-0.117196	-1.240933	2.258020	0.321569
896	1.130376	-0.116935	-1.249293	4.982369	0.330719
897	1.152092	-0.116504	-1.263143	0.711767	0.341176
898	1.184983	-0.117196	-1.240933	1.325359	0.304575
899	1.237693	-0.119777	-1.158159	5.718680	0.260131
900	-1.641418	-0.132068	0.446398	1.791690	0.341176
901	-1.595100	-0.131361	0.417242	2.847068	0.337255
902	-1.549274	-0.130662	0.388396	0.049087	0.333333
903	-1.505529	-0.130107	0.365540	2.086214	0.333333
904	-1.460611	-0.129421	0.337241	5.154175	0.333333
905	-1.417652	-0.128877	0.314815	4.221515	0.333333
906	-1.373615	-0.128204	0.287047	0.638136	0.333333
907	-1.330036	-0.127538	0.259568	0.269981	0.333333
908	-1.286908	-0.126878	0.232372	6.062292	0.333333
909	-1.244224	-0.126226	0.205457	4.147884	0.333333
910	-1.204442	-0.125837	0.189440	0.932660	0.333333
911	-1.161342	-0.125068	0.157700	0.859029	0.333333
912	-1.121037	-0.124560	0.136755	1.570796	0.333333
913	-1.081059	-0.124056	0.115980	2.233476	0.333333
914	-1.040355	-0.123432	0.090246	4.000622	0.333333
915	-1.001060	-0.122937	0.069844	1.251728	0.333333
916	-0.963040	-0.122569	0.054649	4.540583	0.332026
917	-0.921576	-0.121718	0.019548	1.300816	0.332026
918	-0.691333	-0.094889	-1.086849	3.337942	0.477124
919	-0.663709	-0.094816	-1.089873	2.552544	0.483660
920	-0.806051	-0.120050	-0.049213	4.246059	0.329412
921	-0.767994	-0.119466	-0.073316	5.522331	0.329412
922	-0.731723	-0.119118	-0.087666	1.030835	0.329412
923	-0.694319	-0.118542	-0.111397	5.227806	0.329412
924	-0.657275	-0.117972	-0.134900	4.368777	0.329412
925	-0.539527	-0.102073	-0.790596	1.227185	0.558170
926	-0.506989	-0.101398	-0.818426	2.282563	0.739869
927	-0.477623	-0.101314	-0.821879	0.245437	0.818301
928	-0.448676	-0.101314	-0.821879	5.620505	0.785621
929	-0.420424	-0.101482	-0.814968	2.208932	0.730719
930	-0.392078	-0.101650	-0.808033	5.399612	0.708497
931	-0.364545	-0.102073	-0.790596	5.718680	0.670588
932	-0.336782	-0.102499	-0.773012	2.920699	0.631373
933	-0.309046	-0.103015	-0.751718	2.282563	0.588235
934	-0.281742	-0.103800	-0.719370	5.767768	0.543791
935	-0.254019	-0.104596	-0.686527	4.442408	0.499346
936	-0.225868	-0.105405	-0.653175	2.577088	0.452288
937	-0.197107	-0.106134	-0.623093	4.835107	0.474510
938	-0.167799	-0.106781	-0.596428	1.423534	0.465359
939	-0.138252	-0.107530	-0.565553	2.650719	0.453595
940	-0.108193	-0.108193	-0.538180	3.607923	0.445752
941	-0.077830	-0.108962	-0.506479	3.730641	0.436601
942	-0.046990	-0.109644	-0.478370	0.319068	0.325490
943	-0.015594	-0.109156	-0.498484	2.135301	0.322876
944	0.015511	-0.108576	-0.522386	5.767768	0.321569
945	0.046369	-0.108193	-0.538180	3.313398	0.321569
946	0.076942	-0.107718	-0.557766	3.779729	0.321569
947	0.107341	-0.107341	-0.573312	5.473243	0.321569
948	0.137409	-0.106874	-0.592592	0.098175	0.321569
949	0.167362	-0.106503	-0.607896	2.552544	0.321569
950	0.197107	-0.106134	-0.623093	4.368777	0.320261
951	0.226647	-0.105768	-0.638186	3.976078	0.320261
952	0.255544	-0.105224	-0.660631	5.227806	0.317647
953	0.284632	-0.104864	-0.675467	5.645049	0.317647
954	0.313254	-0.104418	-0.693869	4.025165	0.317647
955	0.341634	-0.103976	-0.712115	4.859651	0.317647
956	0.369775	-0.103537	-0.730208	4.614214	0.317647
957	0.398348	-0.103276	-0.740990	2.920699	0.317647
958	0.426062	-0.102843	-0.758840	2.331651	0.317647
959	0.453545	-0.102413	-0.776541	3.460661	0.316340
960	0.481200	-0.102073	-0.790596	4.786020	0.315033
961	0.507828	-0.101566	-0.811503	3.509748	0.315033
962	0.535075	-0.101230	-0.825327	5.252350	0.313725
963	0.561681	-0.100815	-0.842478	1.030835	0.313725
964	0.588551	-0.100484	-0.856098	0.809942	0.312418
965	0.615245	-0.100156	-0.869629	0.490874	0.312418
966	0.641766	-0.099830	-0.883072	4.147884	0.312418
967	0.668114	-0.099506	-0.896428	5.203263	0.311111
968	0.693731	-0.099104	-0.913002	0.098175	0.309804
969	0.719721	-0.098785	-0.926164	0.417243	0.308497
970	0.744947	-0.098389	-0.942499	0.024544	0.308497
971	0.769971	-0.097996	-0.958703	0.589049	0.308497
972	0.795428	-0.097684	-0.971573	3.460661	0.308497
973	0.820073	-0.097297	-0.987546	4.270602	0.308497
974	0.845860	-0.097066	-0.997070	4.589670	0.304575
975	0.870151	-0.096683	-1.012842	2.822525	0.304575
976	0.894954	-0.096380	-1.025370	0.687223	0.304575
977	0.918882	-0.096003	-1.040920	2.356194	0.303268
978	0.943359	-0.095703	-1.053273	4.957826	0.300654
979	0.966180	-0.095257	-1.071658	0.785398	0.299346
980	0.989555	-0.094889	-1.086849	5.080544	0.299346
981	1.012750	-0.094523	-1.101923	2.282563	0.299346
982	1.036562	-0.094233	-1.113899	5.252350	0.299346
983	1.059418	-0.093872	-1.128765	1.153554	0.299346
984	1.083751	-0.093657	-1.137630	1.693515	0.307190
985	1.107130	-0.093372	-1.149388	2.037126	0.317647
986	1.130366	-0.093089	-1.161074	1.006291	0.329412
987	1.153463	-0.092807	-1.172690	5.276894	0.339869
988	1.175533	-0.092458	-1.187111	4.123340	0.350327
989	1.198337	-0.092180	-1.198569	2.184389	0.362092
990	1.238633	-0.093230	-1.155240	5.006913	0.254902
991	1.293781	-0.095331	-1.068606	0.319068	0.202614
992	-1.596892	-0.096198	0.554011	5.743224	0.218301
993	-1.551600	-0.095778	0.529731	0.932660	0.250980
994	-1.505064	-0.095257	0.499678	5.816855	0.284967
995	-1.460611	-0.094845	0.475870	2.086214	0.296732
996	-1.415016	-0.094334	0.446398	1.914408	0.295425
997	-1.371377	-0.093930	0.423048	3.141593	0.295425
998	-1.326696	-0.093429	0.394141	3.239767	0.296732
999	-1.282488	-0.092934	0.365540	5.325981	0.299346
1000	-1.238746	-0.092444	0.337241	1.055379	0.299346
1001	-1.195463	-0.091959	0.309238	6.086836	0.299346
1002	-1.152632	-0.091479	0.281528	1.349903	0.299346
1003	-1.110246	-0.091004	0.254106	4.516039	0.300654
1004	-1.068298	-0.090534	0.226967	5.816855	0.301961
1005	-1.026781	-0.090068	0.200107	5.227806	0.303268
1006	-0.987708	-0.089792	0.184123	2.994330	0.303268
1007	-0.946940	-0.089334	0.157700	3.926991	0.303268
1008	-0.688140	-0.067465	-1.104924	2.258020	0.691503
1009	-0.665251	-0.067883	-1.080787	1.914408	0.237908
1010	-0.827924	-0.088077	0.085130	6.135923	0.303268
1011	-0.789519	-0.087724	0.064769	3.902447	0.303268
1012	-0.751421	-0.087375	0.044570	0.809942	0.303268
1013	-0.712917	-0.086941	0.019548	6.185010	0.303268
1014	-0.674794	-0.086512	-0.005228	1.472622	0.301961
1015	-0.542233	-0.073275	-0.769478	1.325359	0.481046
1016	-0.508670	-0.072667	-0.804557	3.264311	0.671895
1017	-0.478809	-0.072547	-0.811503	3.485204	0.730719
1018	-0.449791	-0.072547	-0.811503	3.166136	0.739869
1019	-0.421470	-0.072667	-0.804557	4.319690	0.724183
1020	-0.393055	-0.072788	-0.797588	3.067962	0.700654
1021	-0.365457	-0.073091	-0.780063	4.687845	0.661438
1022	-0.337346	-0.073336	-0.765938	5.841399	0.626144
1023	-0.309566	-0.073706	-0.744572	4.344233	0.586928
1024	-0.281981	-0.074205	-0.715746	5.595962	0.543791
1025	-0.254019	-0.074712	-0.686527	3.264311	0.496732
1026	-0.226256	-0.075419	-0.645694	5.718680	0.445752
1027	-0.198307	-0.076272	-0.596428	0.441786	0.384314
1028	-0.168827	-0.076740	-0.569436	0.171806	0.470588
1029	-0.139106	-0.077281	-0.538180	3.411573	0.462745
1030	-0.108865	-0.077761	-0.510467	4.859651	0.453595
1031	-0.078317	-0.078317	-0.478370	5.792311	0.444444
1032	-0.047286	-0.078810	-0.449906	2.503457	0.432680
1033	-0.015905	-0.079525	-0.408617	5.546874	0.410458
1034	0.015876	-0.079381	-0.416935	4.000622	0.299346
1035	0.047457	-0.079094	-0.433480	5.964117	0.299346
1036	0.078668	-0.078668	-0.458075	4.540583	0.299346
1037	0.109742	-0.078387	-0.474325	5.988661	0.299346
1038	0.140719	-0.078177	-0.486437	3.534292	0.299346
1039	0.171226	-0.077830	-0.506479	0.147262	0.296732
1040	0.201642	-0.077555	-0.522386	1.227185	0.295425
1041	0.231843	-0.077281	-0.538180	4.540583	0.295425
1042	0.261832	-0.077009	-0.553863	5.988661	0.295425
1043	0.291355	-0.076672	-0.573312	0.098175	0.295425
1044	0.320622	-0.076339	-0.592592	0.049087	0.295425
1045	0.349938	-0.076073	-0.607896	1.104466	0.295425
1046	0.378724	-0.075745	-0.626876	1.079922	0.295425
1047	0.407612	-0.075484	-0.641943	5.497787	0.294118
1048	0.435928	-0.075160	-0.660631	0.736311	0.294118
1049	0.464003	-0.074839	-0.679160	0.024544	0.292810
1050	0.492257	-0.074584	-0.693869	2.847068	0.291503
1051	0.519878	-0.074268	-0.712115	6.086836	0.291503
1052	0.547267	-0.073955	-0.730208	1.644427	0.290196
1053	0.574908	-0.073706	-0.744572	3.534292	0.290196
1054	0.601860	-0.073398	-0.762392	0.269981	0.290196
1055	0.629111	-0.073152	-0.776541	3.976078	0.288889
1056	0.655636	-0.072848	-0.794095	1.349903	0.287582
1057	0.682506	-0.072607	-0.808033	0.539961	0.287582
1058	0.708613	-0.072307	-0.825327	3.583379	0.286275
1059	0.735110	-0.072070	-0.839059	0.196350	0.286275
1060	0.760810	-0.071774	-0.856098	2.037126	0.283660
1061	0.786299	-0.071482	-0.872998	0.687223	0.283660
1062	0.812903	-0.071307	-0.883072	4.442408	0.282353
1063	0.838696	-0.071076	-0.896428	1.349903	0.282353
1064	0.863624	-0.070789	-0.913002	1.521709	0.282353
1065	0.888352	-0.070504	-0.929442	1.349903	0.278431
1066	0.913614	-0.070278	-0.942499	0.343612	0.278431
1067	0.937964	-0.069997	-0.958703	2.797981	0.278431
1068	0.962887	-0.069774	-0.971573	6.160467	0.277124
1069	0.986868	-0.069498	-0.987546	5.939573	0.274510
1070	1.009862	-0.069169	-1.006548	1.718058	0.274510
1071	1.034264	-0.068951	-1.019116	5.006913	0.282353
1072	1.058513	-0.068735	-1.031605	0.932660	0.294118
1073	1.082611	-0.068520	-1.044016	0.220893	0.304575
1074	1.106558	-0.068306	-1.056349	3.092505	0.316340
1075	1.128602	-0.067988	-1.074706	6.037748	0.320261
1076	1.153114	-0.067830	-1.083820	2.994330	0.325490
1077	1.176603	-0.067621	-1.095907	5.301437	0.329412
1078	1.200872	-0.067465	-1.104924	5.816855	0.333333
1079	1.225028	-0.067309	-1.113899	2.086214	0.338562
1080	1.249074	-0.067155	-1.122832	3.706097	0.345098
1081	1.294787	-0.068147	-1.065549	0.441786	0.197386
1082	-1.514707	-0.059015	0.678680	4.957826	0.081046
1083	-1.465496	-0.058620	0.640696	2.135301	0.084967
1084	-1.416938	-0.058230	0.603216	0.049087	0.109804
1085	-1.372040	-0.057974	0.578505	4.466952	0.146405
1086	-1.327536	-0.057719	0.554011	2.650719	0.181699
1087	-1.280623	-0.057341	0.517671	0.196350	0.202614
1088	-1.235658	-0.057030	0.487748	2.699806	0.210458
1089	-1.191178	-0.056723	0.458149	1.546253	0.215686
1090	-1.147175	-0.056418	0.428867	4.319690	0.219608
1091	-1.103642	-0.056117	0.399898	5.497787	0.224837
1092	-1.060571	-0.055820	0.371236	1.423534	0.227451
1093	-1.016881	-0.055466	0.337241	0.687223	0.230065
1094	-0.974762	-0.055175	0.309238	3.804272	0.233987
1095	-0.687082	-0.040417	-1.110912	5.473243	0.759477
1096	-0.891837	-0.054602	0.254106	1.423534	0.241830
1097	-0.851897	-0.054376	0.232372	2.331651	0.245752
1098	-0.811450	-0.054097	0.205457	1.570796	0.250980
1099	-0.771418	-0.053820	0.178817	5.424156	0.250980
1100	-0.732539	-0.053600	0.157700	4.565127	0.250980
1101	-0.693272	-0.053329	0.131546	4.540583	0.250980
1102	-0.654401	-0.053060	0.105655	5.595962	0.250980
1103	-0.513783	-0.044039	-0.762392	0.662680	0.539869
1104	-0.481600	-0.043782	-0.787091	4.712389	0.656209
1105	-0.451285	-0.043673	-0.797588	4.074253	0.701961
1106	-0.422170	-0.043673	-0.797588	2.380738	0.704575
1107	-0.394365	-0.043818	-0.783580	0.711767	0.692810
1108	-0.366374	-0.043965	-0.769478	3.583379	0.657516
1109	-0.338479	-0.044149	-0.751718	5.620505	0.620915
1110	-0.310611	-0.044373	-0.730208	4.908738	0.580392
1111	-0.282699	-0.044637	-0.704835	4.614214	0.538562
1112	-0.254236	-0.044865	-0.682846	2.945243	0.496732
1113	-0.226647	-0.045329	-0.638186	1.055379	0.437908
1114	-0.198480	-0.045803	-0.592592	1.816233	0.376471
1115	-0.170319	-0.046451	-0.530297	2.920699	0.461438
1116	-0.139846	-0.046615	-0.514447	4.786020	0.466667
1117	-0.109546	-0.046948	-0.482407	0.589049	0.461438
1118	-0.078810	-0.047286	-0.449906	2.184389	0.450980
1119	-0.047586	-0.047586	-0.421082	0.245437	0.440523
1120	-0.015963	-0.047889	-0.391891	0.343612	0.431373
1121	0.016110	-0.048329	-0.349537	2.601631	0.411765
1122	0.048642	-0.048642	-0.319423	0.245437	0.237908
1123	0.080846	-0.048507	-0.332376	1.619884	0.237908
1124	0.112561	-0.048240	-0.358070	4.810564	0.235294
1125	0.144192	-0.048064	-0.375042	2.773437	0.233987
1126	0.175593	-0.047889	-0.391891	4.663301	0.230065
1127	0.206765	-0.047715	-0.408617	0.368155	0.228758
1128	0.237712	-0.047542	-0.425222	5.571418	0.224837
1129	0.268437	-0.047371	-0.441708	4.786020	0.223529
1130	0.299209	-0.047243	-0.453995	0.024544	0.219608
1131	0.329520	-0.047074	-0.470274	5.375069	0.215686
1132	0.358975	-0.046823	-0.494475	6.258641	0.211765
1133	0.388805	-0.046657	-0.510467	1.178097	0.209150
1134	0.418055	-0.046451	-0.530297	4.368777	0.206536
1135	0.447441	-0.046287	-0.546035	0.638136	0.203922
1136	0.476620	-0.046125	-0.561663	3.362486	0.202614
1137	0.505596	-0.045963	-0.577182	6.086836	0.198693
1138	0.534370	-0.045803	-0.592592	2.478913	0.194771
1139	0.562944	-0.045644	-0.607896	0.834486	0.190850
1140	0.590809	-0.045447	-0.626876	1.988039	0.186928
1141	0.618434	-0.045251	-0.645694	1.472622	0.184314
1142	0.646377	-0.045096	-0.660631	0.122718	0.180392
1143	0.674128	-0.044942	-0.675467	1.497165	0.176471
1144	0.701690	-0.044789	-0.690201	1.816233	0.172549
1145	0.729685	-0.044675	-0.701186	4.393321	0.167320
1146	0.756896	-0.044523	-0.715746	4.663301	0.163399
1147	0.783923	-0.044373	-0.730208	6.209554	0.158170
1148	0.810768	-0.044224	-0.744572	3.460661	0.152941
1149	0.836732	-0.044039	-0.762392	3.877903	0.147712
1150	0.863199	-0.043891	-0.776541	0.613592	0.145098
1151	0.888751	-0.043709	-0.794095	5.105088	0.141176
1152	0.914848	-0.043564	-0.808033	3.951534	0.137255
1153	0.941551	-0.043456	-0.818426	6.234098	0.129412
1154	0.968121	-0.043349	-0.828768	2.577088	0.120261
1155	0.993743	-0.043206	-0.842478	5.203263	0.112418
1156	1.020033	-0.043100	-0.852702	6.135923	0.103268
1157	1.045339	-0.042959	-0.866255	0.098175	0.096732
1158	1.071353	-0.042854	-0.876362	2.528000	0.088889
1159	1.095458	-0.042680	-0.893097	5.816855	0.086275
1160	1.121181	-0.042577	-0.903074	4.687845	0.092810
1161	1.145854	-0.042439	-0.916300	4.933282	0.101961
1162	1.170369	-0.042302	-0.929442	0.613592	0.108497
1163	-0.686027	-0.013452	-1.116881	0.490874	0.546405
1164	-0.521647	-0.014904	-0.697531	5.129632	0.329412
1165	-0.485644	-0.014716	-0.751718	1.546253	0.569935
1166	-0.454684	-0.014667	-0.765938	6.086836	0.643137
1167	-0.425349	-0.014667	-0.765938	5.939573	0.652288
1168	-0.396347	-0.014680	-0.762392	0.196350	0.653595
1169	-0.367912	-0.014716	-0.751718	2.552544	0.636601
1170	-0.339906	-0.014779	-0.733808	1.988039	0.614379
1171	-0.311927	-0.014854	-0.712115	4.246059	0.573856
1172	-0.283421	-0.014917	-0.693869	4.712389	0.532026
1173	-0.255764	-0.015045	-0.656906	4.835107	0.483660
1174	-0.227431	-0.015162	-0.623093	5.792311	0.428758
1175	-0.199000	-0.015308	-0.581044	0.049087	0.366013
1176	-0.171226	-0.015566	-0.506479	3.632466	0.245752
1177	-0.141349	-0.015705	-0.466215	0.441786	0.454902
1178	-0.110235	-0.015748	-0.453995	5.792311	0.461438
1179	-0.079166	-0.015833	-0.429355	3.632466	0.458824
1180	-0.047845	-0.015948	-0.396084	2.577088	0.448366
1181	-0.016065	-0.016065	-0.362324	1.178097	0.437908
1182	0.016169	-0.016169	-0.332376	6.037748	0.428758
1183	0.048959	-0.016320	-0.288916	3.215224	0.407843
1184	0.082443	-0.016489	-0.240165	4.295146	0.376471
1185	0.116738	-0.016677	-0.185819	2.429826	0.342484
1186	0.152118	-0.016902	-0.120825	3.657010	0.299346
1187	0.189392	-0.017217	-0.029760	1.595340	0.218301
1188	0.230390	-0.017722	0.115980	5.571418	0.088889
1189	-0.711838	0.013431	-1.122832	4.638758	0.575163
1190	-0.687611	0.013483	-1.107920	5.424156	0.235294
1191	-0.491003	0.014879	-0.704835	3.951534	0.418301
1192	-0.458134	0.014779	-0.733808	2.159845	0.562092
1193	-0.427856	0.014754	-0.740990	5.350525	0.605229
1194	-0.398684	0.014766	-0.737402	1.938952	0.609150
1195	-0.369775	0.014791	-0.730208	1.202641	0.601307
1196	-0.341634	0.014854	-0.712115	1.374447	0.581699
1197	-0.313254	0.014917	-0.693869	5.056001	0.559477
1198	-0.284875	0.014993	-0.671767	6.209554	0.520261
1199	-0.256866	0.015110	-0.638186	4.957826	0.467974
1200	-0.228419	0.015228	-0.604080	4.835107	0.410458
1201	-0.200049	0.015388	-0.557766	2.258020	0.335948
1202	-0.172143	0.015649	-0.482407	5.865942	0.206536
1203	-0.142499	0.015833	-0.429355	2.478913	0.441830
1204	-0.111234	0.015891	-0.412780	5.620505	0.448366
1205	-0.079815	0.015963	-0.391891	2.577088	0.453595
1206	-0.048108	0.016036	-0.370811	4.810564	0.457516
1207	-0.016154	0.016154	-0.336678	1.178097	0.447059
1208	0.016289	0.016289	-0.297673	5.448700	0.436601
1209	0.049188	0.016396	-0.266881	4.295146	0.424837
1210	0.082754	0.016551	-0.222187	3.828816	0.407843
1211	0.117072	0.016725	-0.172038	5.546874	0.373856
1212	0.152264	0.016918	-0.116116	2.307107	0.339869
1213	0.188650	0.017150	-0.049213	4.466952	0.288889
1214	0.227174	0.017475	0.044570	1.325359	0.200000
1215	-0.710205	0.040200	-1.131725	1.840777	0.781699
1216	-0.465992	0.045096	-0.660631	4.663301	0.349020
1217	-0.432958	0.044789	-0.690201	0.000000	0.492810
1218	-0.402071	0.044675	-0.701186	2.110758	0.538562
1219	-0.372288	0.044675	-0.701186	1.153554	0.562092
1220	-0.343673	0.044827	-0.686527	3.313398	0.542484
1221	-0.315672	0.045096	-0.660631	3.239767	0.517647
1222	-0.287086	0.045329	-0.638186	2.601631	0.488889
1223	-0.258202	0.045565	-0.615508	2.061670	0.448366
1224	-0.230219	0.046044	-0.569436	1.325359	0.368627
1225	-0.201642	0.046533	-0.522386	2.331651	0.274510
1226	-0.176396	0.048108	-0.370811	2.650719	0.396078
1227	-0.144192	0.048064	-0.375042	5.350525	0.426144
1228	-0.112458	0.048196	-0.362324	1.472622	0.433987
1229	-0.080697	0.048418	-0.340972	4.835107	0.440523
1230	-0.048597	0.048597	-0.323749	0.245437	0.447059
1231	-0.016259	0.048777	-0.306397	4.982369	0.453595
1232	0.016396	0.049188	-0.266881	1.791690	0.444444
1233	0.049512	0.049512	-0.235684	1.497165	0.433987
1234	0.083147	0.049888	-0.199522	0.122718	0.420915
1235	0.117296	0.050270	-0.162807	5.964117	0.407843
1236	0.152855	0.050952	-0.097186	4.957826	0.373856
1237	0.188835	0.051500	-0.044364	0.343612	0.334641
1238	0.226496	0.052268	0.029527	5.276894	0.278431
1239	0.266373	0.053275	0.126347	5.939573	0.184314
1240	-0.709663	0.066949	-1.134680	4.344233	0.605229
1241	-0.406911	0.075354	-0.649438	5.988661	0.418301
1242	-0.376770	0.075354	-0.649438	3.730641	0.449673
1243	-0.346628	0.075354	-0.649438	3.509748	0.481046
1244	-0.318128	0.075745	-0.626876	2.847068	0.465359
1245	-0.289582	0.076206	-0.600257	0.589049	0.426144
1246	-0.260686	0.076672	-0.573312	0.834486	0.384314
1247	-0.232253	0.077418	-0.530297	1.938952	0.309804
1248	-0.205831	0.079166	-0.429355	2.159845	0.105882
1249	-0.179349	0.081522	-0.293299	1.546253	0.342484
1250	-0.146604	0.081447	-0.297673	2.847068	0.375163
1251	-0.114025	0.081447	-0.297673	1.742602	0.405229
1252	-0.081598	0.081598	-0.288916	5.865942	0.426144
1253	-0.049188	0.081980	-0.266881	1.619884	0.433987
1254	-0.016442	0.082211	-0.253561	2.061670	0.440523
1255	0.016520	0.082598	-0.231193	1.129010	0.447059
1256	0.049888	0.083147	-0.199522	5.473243	0.441830
1257	0.083783	0.083783	-0.162807	4.663301	0.431373
1258	0.118200	0.084428	-0.125526	1.398990	0.419608
1259	0.153151	0.085084	-0.087666	4.466952	0.406536
1260	0.189392	0.086087	-0.029760	5.645049	0.367320
1261	0.226496	0.087114	0.029527	0.294524	0.329412
1262	0.265566	0.088522	0.110812	2.528000	0.267974
1263	0.307497	0.090440	0.221573	0.687223	0.146405
1264	-0.712931	0.094161	-1.116881	0.662680	0.105882
1265	-0.353932	0.107718	-0.557766	2.847068	0.270588
1266	-0.322589	0.107530	-0.565553	2.258020	0.330719
1267	-0.294447	0.108480	-0.526345	6.234098	0.269281
1268	-0.265566	0.109351	-0.490460	2.920699	0.207843
1269	-0.149949	0.116627	-0.190395	3.853360	0.288889
1270	-0.115965	0.115965	-0.217671	2.626175	0.351634
1271	-0.082832	0.115965	-0.217671	2.699806	0.383007
1272	-0.049699	0.115965	-0.217671	3.607923	0.416993
1273	-0.016629	0.116405	-0.199522	1.767146	0.426144
1274	0.016693	0.116849	-0.181234	4.098797	0.432680
1275	0.050366	0.117520	-0.153540	1.668971	0.440523
1276	0.084347	0.118086	-0.130217	4.393321	0.440523
1277	0.119118	0.119118	-0.087666	1.521709	0.427451
1278	0.154350	0.120050	-0.049213	0.049087	0.415686
1279	0.190139	0.120997	-0.010154	4.516039	0.402614
1280	0.227400	0.122446	0.049605	0.098175	0.364706
1281	0.265566	0.123931	0.110812	3.313398	0.321569
1282	0.306233	0.126096	0.200107	4.466952	0.239216
1283	0.353149	0.130107	0.365540	1.178097	0.081046
1284	-0.119933	0.154199	-0.054053	0.834486	0.186928
1285	-0.084266	0.151679	-0.134900	5.424156	0.324183
1286	-0.050560	0.151679	-0.134900	5.595962	0.356863
1287	-0.016869	0.151825	-0.130217	2.110758	0.392157
1288	0.016869	0.151825	-0.130217	5.424156	0.416993
1289	0.050952	0.152855	-0.097186	2.380738	0.423529
1290	0.085250	0.153449	-0.078109	3.018874	0.431373
1291	0.119816	0.154049	-0.058883	2.699806	0.437908
1292	0.155415	0.155415	-0.015070	1.497165	0.424837
1293	0.191651	0.156805	0.029527	3.436117	0.411765
1294	0.228312	0.158062	0.069844	2.258020	0.398693
1295	0.266643	0.159986	0.131546	5.669593	0.356863
1296	0.306233	0.162123	0.200107	4.810564	0.312418
1297	0.349077	0.165352	0.303673	2.528000	0.213072
1298	-0.052216	0.191460	0.024532	4.614214	0.207843
1299	-0.017167	0.188835	-0.044364	1.153554	0.329412
1300	0.017167	0.188835	-0.044364	5.939573	0.364706
1301	0.051500	0.188835	-0.044364	6.258641	0.400000
1302	0.086257	0.189764	-0.019976	4.933282	0.413072
1303	0.121236	0.190514	-0.000292	5.006913	0.420915
1304	0.156649	0.191460	0.024532	0.368155	0.430065
1305	0.192994	0.192994	0.064769	0.466330	0.424837
1306	0.230157	0.194748	0.110812	3.534292	0.410458
1307	0.267729	0.196335	0.152448	4.147884	0.394771
1308	0.307497	0.198969	0.221573	0.883573	0.352941
1309	0.349077	0.202097	0.303673	0.417243	0.300654
1310	0.393241	0.205984	0.405667	0.736311	0.167320
1311	-0.059752	0.258926	0.749664	4.246059	0.466667
1312	-0.019760	0.256883	0.704289	1.840777	0.603922
1313	0.017722	0.230390	0.115980	1.595340	0.214379
1314	0.052529	0.227628	0.054649	5.620505	0.329412
1315	0.087549	0.227628	0.054649	3.583379	0.369935
1316	0.122691	0.227855	0.059704	0.981748	0.403922
1317	0.158698	0.229231	0.090246	1.546253	0.411765
1318	0.194945	0.230390	0.115980	2.405282	0.420915
1319	0.231796	0.231796	0.147207	6.013205	0.423529
1320	0.269928	0.233938	0.194768	4.516039	0.407843
1321	0.309092	0.236364	0.248656	4.270602	0.390850
1322	0.350178	0.239595	0.320404	6.209554	0.346405
1323	0.391985	0.242657	0.388396	4.147884	0.704575
1324	0.427950	0.241885	0.371236	1.791690	0.704575
1325	0.463686	0.241117	0.354184	1.055379	0.708497
1326	0.499723	0.240607	0.342877	1.202641	0.709804
1327	0.535045	0.239848	0.326004	1.988039	0.713725
1328	-0.059752	0.298761	0.749664	4.957826	0.342484
1329	-0.019895	0.298422	0.743137	3.141593	0.495425
1330	0.019805	0.297073	0.717180	5.792311	0.487582
1331	0.059081	0.295404	0.685061	1.129010	0.483660
1332	0.090440	0.271321	0.221573	1.693515	0.210458
1333	0.125323	0.268549	0.168237	0.638136	0.330719
1334	0.161130	0.268549	0.168237	1.398990	0.373856
1335	0.197339	0.269099	0.178817	1.300816	0.400000
1336	0.234419	0.270483	0.205457	4.172428	0.409150
1337	0.272164	0.272164	0.237789	4.663301	0.420915
1338	0.311678	0.275010	0.292578	0.687223	0.405229
1339	0.351286	0.277331	0.337241	2.478913	0.386928
1340	0.393241	0.280887	0.405667	5.056001	0.335948
1341	0.431154	0.281187	0.411448	2.920699	0.500654
1342	0.467146	0.280288	0.394141	4.638758	0.508497
1343	0.500251	0.277917	0.348524	2.135301	0.569935
1344	0.536174	0.277331	0.337241	4.393321	0.677124
1345	0.571944	0.276747	0.326004	5.178719	0.597386
1346	0.606927	0.275876	0.309238	4.933282	0.534641
1347	0.642363	0.275298	0.298119	0.564505	0.722876
1348	0.676943	0.274436	0.281528	0.245437	0.722876
1349	0.711307	0.273580	0.265041	1.914408	0.705882
1350	0.745457	0.272728	0.248656	0.539961	0.692810
1351	-0.020193	0.343277	0.829152	1.227185	0.360784
1352	0.020031	0.340531	0.782519	6.037748	0.356863
1353	0.059957	0.339754	0.769332	0.368155	0.345098
1354	0.099361	0.337828	0.736626	3.288855	0.338562
1355	0.138478	0.336303	0.710727	0.392699	0.338562
1356	0.163298	0.308452	0.237789	0.466330	0.552941
1357	0.201043	0.310703	0.276021	5.154175	0.460131
1358	0.238093	0.311353	0.287047	1.104466	0.375163
1359	0.276166	0.312988	0.314815	3.239767	0.394771
1360	0.314641	0.314641	0.342877	4.491496	0.407843
1361	0.354276	0.316984	0.382664	0.932660	0.403922
1362	0.395778	0.320392	0.440542	4.466952	0.383007
1363	0.436286	0.322473	0.475870	3.976078	0.372549
1364	0.472180	0.321083	0.452267	2.945243	0.397386
1365	0.507222	0.319362	0.423048	5.301437	0.422222
1366	0.543048	0.318338	0.405667	0.049087	0.440523
1367	0.578645	0.317321	0.388396	5.129632	0.453595
1368	0.613364	0.315975	0.365540	5.841399	0.470588
1369	0.647789	0.314641	0.342877	4.295146	0.483660
1370	0.681926	0.313317	0.320404	0.466330	0.495425
1371	0.715776	0.312005	0.298119	0.809942	0.537255
1372	0.749344	0.310703	0.276021	4.565127	0.586928
1373	0.791676	0.312988	0.314815	2.184389	0.522876
1374	0.163129	0.344384	0.232372	1.006291	0.533333
1375	0.200834	0.346895	0.270525	5.448700	0.441830
1376	0.239595	0.350178	0.320404	4.859651	0.411765
1377	0.279394	0.353899	0.376944	4.074253	0.386928
1378	0.319362	0.356934	0.423048	1.030835	0.373856
1379	0.358857	0.358857	0.452267	2.478913	0.390850
1380	0.399646	0.361584	0.493707	5.080544	0.390850
1381	0.442027	0.365153	0.547921	5.988661	0.290196
1382	0.487412	0.370433	0.628147	1.742602	0.158170
1383	0.524073	0.368792	0.603216	1.325359	0.224837
1384	0.559178	0.366358	0.566231	0.809942	0.233987
1385	0.593822	0.363955	0.529731	5.767768	0.250980
1386	0.628698	0.361977	0.499678	5.424156	0.260131
1387	0.663196	0.360021	0.469950	1.840777	0.273203
1388	0.697324	0.358085	0.440542	3.976078	0.282353
1389	0.730305	0.355790	0.405667	2.601631	0.287582
1390	0.762058	0.353149	0.365540	3.755185	0.298039
1391	0.794178	0.350916	0.331617	4.123340	0.308497
1392	0.841761	0.355410	0.399898	0.441786	0.343791
1393	0.163129	0.380635	0.232372	4.712389	0.529412
1394	0.201043	0.383810	0.276021	5.497787	0.437908
1395	0.239595	0.387039	0.320404	1.276272	0.405229
1396	0.279394	0.391152	0.376944	3.558835	0.383007
1397	0.321083	0.396631	0.452267	0.785398	0.362092
1398	0.362371	0.400516	0.505663	2.699806	0.339869
1399	0.405815	0.405815	0.578505	4.884195	0.254902
1400	0.447424	0.408517	0.615654	2.405282	0.214379
1401	0.491237	0.412639	0.672314	1.938952	0.133333
1402	0.126226	0.414741	0.205457	1.497165	0.644444
1403	0.163129	0.416886	0.232372	3.239767	0.528105
1404	0.201043	0.420363	0.276021	5.841399	0.437908
1405	0.239595	0.423900	0.320404	3.926991	0.403922
1406	0.279394	0.428404	0.376944	4.123340	0.379085
1407	0.320392	0.433472	0.440542	2.577088	0.358170
1408	0.362371	0.438660	0.505663	0.294524	0.335948
1409	0.408064	0.446927	0.609428	0.834486	0.277124
1410	0.126096	0.450342	0.200107	5.105088	0.644444
1411	0.162961	0.452669	0.226967	0.883573	0.513725
1412	0.201043	0.456917	0.276021	3.117049	0.437908
1413	0.239848	0.461246	0.326004	0.589049	0.403922
1414	0.279691	0.466152	0.382664	1.546253	0.379085
1415	0.320737	0.471672	0.446398	0.981748	0.356863
1416	0.362766	0.477324	0.511660	4.712389	0.326797
1417	0.408517	0.486330	0.615654	4.147884	0.216993
1418	0.126096	0.486370	0.200107	4.982369	0.667974
1419	0.162961	0.488882	0.226967	0.024544	0.518954
1420	0.201043	0.493470	0.276021	6.258641	0.435294
1421	0.239848	0.498145	0.326004	5.325981	0.403922
1422	0.279691	0.503445	0.382664	4.638758	0.379085
1423	0.320737	0.509406	0.446398	5.595962	0.354248
1424	0.363955	0.517200	0.529731	2.454369	0.318954
1425	0.409426	0.526405	0.628147	4.516039	0.155556
1426	0.126616	0.524554	0.221573	1.251728	0.074510
1427	0.163129	0.525639	0.232372	3.411573	0.532026
1428	0.201043	0.530024	0.276021	3.779729	0.443137
1429	0.240100	0.535609	0.331617	5.325981	0.403922
1430	0.279691	0.540737	0.382664	4.786020	0.379085
1431	0.320737	0.547139	0.446398	1.570796	0.352941
1432	0.363955	0.555511	0.529731	3.485204	0.311111
1433	0.163298	0.562471	0.237789	0.147262	0.532026
1434	0.201464	0.567761	0.287047	2.380738	0.445752
1435	0.240100	0.572547	0.331617	1.349903	0.409150
1436	0.280288	0.579261	0.394141	2.847068	0.379085
1437	0.321429	0.586135	0.458149	1.227185	0.349020
1438	0.364753	0.595123	0.541845	3.215224	0.296732
1439	0.163467	0.599380	0.243217	0.785398	0.571242
1440	0.201464	0.604391	0.287047	0.294524	0.449673
1441	0.240607	0.610773	0.342877	4.295146	0.409150
1442	0.280587	0.617291	0.399898	3.215224	0.377778
1443	0.321776	0.624624	0.464043	6.209554	0.342484
1444	0.365554	0.634909	0.554011	0.859029	0.233987
1445	0.163807	0.637027	0.254106	3.976078	0.592157
1446	0.201885	0.642363	0.298119	1.668971	0.473203
1447	0.240607	0.647789	0.342877	1.202641	0.416993
1448	0.280887	0.655402	0.405667	2.258020	0.377778
1449	0.322473	0.663914	0.475870	4.393321	0.332026
1450	0.201885	0.679069	0.298119	0.589049	0.488889
1451	0.241117	0.686255	0.354184	5.350525	0.431373
1452	0.281790	0.695082	0.423048	1.178097	0.379085
