490
0	0.781250	0.375000	0.759697	2.440563	0.992157
1	0.750000	0.375000	0.748173	3.295374	0.968627
2	0.718750	0.375000	0.728354	4.134078	0.854902
3	0.687500	0.375000	0.698807	3.492874	0.666667
4	0.656250	0.375000	0.658867	2.798748	0.407843
5	0.781250	0.343750	0.718629	5.548025	0.247059
6	0.750000	0.343750	0.739278	0.347255	0.921569
7	0.718750	0.343750	0.730889	5.896622	0.988235
8	0.687500	0.343750	0.711935	5.835071	0.949020
9	0.656250	0.343750	0.688988	5.418020	0.882353
10	0.625000	0.343750	0.663085	0.054265	0.733333
11	0.593750	0.343750	0.641183	3.927950	0.886275
12	0.562500	0.343750	0.613851	0.922881	0.701961
13	0.750000	0.312500	0.692636	0.654051	0.345098
14	0.718750	0.312500	0.710186	1.639825	0.807843
15	0.687500	0.312500	0.703085	1.581342	0.945098
16	0.656250	0.312500	0.687885	4.405401	0.945098
17	0.625000	0.312500	0.667239	1.226993	0.921569
18	0.593750	0.312500	0.642898	2.892704	0.886275
19	0.562500	0.312500	0.615093	2.584566	0.835294
20	0.531250	0.312500	0.581681	3.658161	0.768627
21	0.500000	0.312500	0.542821	4.145775	0.607843
22	0.687500	0.281250	0.674367	3.220784	0.701961
23	0.656250	0.281250	0.671489	4.803853	0.870588
24	0.625000	0.281250	0.657122	2.090624	0.929412
25	0.593750	0.281250	0.636252	1.318648	0.913725
26	0.562500	0.281250	0.612914	5.779273	0.894118
27	0.531250	0.281250	0.585685	3.254532	0.862745
28	0.500000	0.281250	0.557267	1.521709	0.819608
29	0.468750	0.281250	0.522715	0.632959	0.756863
30	0.437500	0.281250	0.488623	2.037510	0.713726
31	0.406250	0.281250	0.443231	2.300012	0.482353
32	0.656250	0.250000	0.629152	0.278034	0.552941
33	0.625000	0.250000	0.632197	5.862108	0.756863
34	0.593750	0.250000	0.623516	6.134006	0.839216
35	0.562500	0.250000	0.605550	3.076398	0.909804
36	0.531250	0.250000	0.585052	0.530949	0.898039
37	0.500000	0.250000	0.560153	4.684394	0.850980
38	0.468750	0.250000	0.528882	2.161379	0.827451
39	0.437500	0.250000	0.496063	4.426685	0.807843
40	0.406250	0.250000	0.461682	2.687534	0.764706
41	0.375000	0.250000	0.427860	4.672889	0.725490
42	0.343750	0.250000	0.389057	3.678294	0.619608
43	0.312500	0.250000	0.340782	2.229258	0.321569
44	0.625000	0.218750	0.589811	5.488583	0.286275
45	0.593750	0.218750	0.604960	3.175724	0.980392
46	0.562500	0.218750	0.596142	0.626823	0.996078
47	0.531250	0.218750	0.574523	0.271515	0.921569
48	0.500000	0.218750	0.555783	2.190908	0.756863
49	0.468750	0.218750	0.528097	0.063468	0.866667
50	0.437500	0.218750	0.497522	5.516195	0.835294
51	0.406250	0.218750	0.465241	4.988889	0.819608
52	0.375000	0.218750	0.432339	4.054886	0.831373
53	0.343750	0.218750	0.440427	2.093308	0.168627
54	0.312500	0.218750	0.463429	5.470559	0.356863
55	0.281250	0.218750	0.330075	4.653522	0.423529
56	0.250000	0.218750	0.286961	6.117516	0.294118
57	0.156250	0.218750	0.338193	2.203563	0.701961
58	0.125000	0.218750	0.306751	0.583488	0.768627
59	0.093750	0.218750	0.274351	5.860574	0.776471
60	0.062500	0.218750	0.241634	1.868772	0.717647
61	0.031250	0.218750	0.204214	1.868005	0.584314
62	-0.031250	0.218750	0.327863	4.291503	0.886275
63	-0.062500	0.218750	0.297606	2.238078	0.749020
64	0.593750	0.187500	0.577962	5.794612	0.764706
65	0.562500	0.187500	0.585734	3.276391	0.996078
66	0.531250	0.187500	0.576092	3.999280	0.901961
67	0.500000	0.187500	0.548134	4.771447	0.741176
68	0.468750	0.187500	0.518860	1.907313	0.858824
69	0.437500	0.187500	0.493390	1.769255	0.760784
70	0.406250	0.187500	0.462684	2.710736	0.827451
71	0.375000	0.187500	0.431170	2.390901	0.823529
72	0.343750	0.187500	0.399151	3.423462	0.827451
73	0.312500	0.187500	0.366783	5.826826	0.843137
74	0.281250	0.187500	0.393990	1.670122	0.203922
75	0.250000	0.187500	0.414686	1.057104	0.266667
76	0.218750	0.187500	0.427475	3.478685	0.811765
77	0.187500	0.187500	0.417946	1.941253	0.941176
78	0.156250	0.187500	0.405127	0.784439	0.945098
79	0.125000	0.187500	0.387611	3.713384	0.709804
80	0.093750	0.187500	0.278810	2.040195	0.721569
81	0.062500	0.187500	0.245693	4.769913	0.800000
82	0.031250	0.187500	0.213168	2.494636	0.776471
83	0.000000	0.187500	0.180823	3.941947	0.745098
84	-0.031250	0.187500	0.148159	2.002037	0.607843
85	-0.062500	0.187500	0.327874	3.084260	0.254902
86	-0.093750	0.187500	0.300704	1.619500	0.403922
87	-0.125000	0.187500	0.231003	0.202485	0.250980
88	-0.156250	0.187500	0.198426	2.546600	0.745098
89	-0.531250	0.187500	0.396530	4.744027	0.909804
90	-0.562500	0.187500	0.400722	3.388564	0.709804
91	-0.593750	0.187500	0.402853	2.964226	0.494118
92	-0.625000	0.187500	0.405025	2.137602	0.290196
93	-0.656250	0.187500	0.401478	3.779345	0.317647
94	-0.687500	0.187500	0.398069	1.923228	0.364706
95	-0.718750	0.187500	0.395801	3.905132	0.407843
96	-0.750000	0.187500	0.393534	1.525736	0.454902
97	-0.781250	0.187500	0.387420	3.691333	0.525490
98	-0.812500	0.187500	0.387496	5.361454	0.513726
99	-0.843750	0.187500	0.384602	5.159161	0.435294
100	0.562500	0.156250	0.562110	0.287621	0.533333
101	0.531250	0.156250	0.560269	1.740493	0.827451
102	0.500000	0.156250	0.544557	2.190141	0.901961
103	0.468750	0.156250	0.517540	2.382847	0.850980
104	0.437500	0.156250	0.482109	2.408542	0.792157
105	0.406250	0.156250	0.454952	5.497020	0.729412
106	0.375000	0.156250	0.425634	5.244680	0.764706
107	0.343750	0.156250	0.395491	0.772359	0.823529
108	0.312500	0.156250	0.363826	5.580814	0.823529
109	0.281250	0.156250	0.333021	5.275360	0.823529
110	0.250000	0.156250	0.304100	5.105855	0.721569
111	0.218750	0.156250	0.336841	1.787471	0.121569
112	0.187500	0.156250	0.356944	2.295027	0.121569
113	0.156250	0.156250	0.371626	5.140753	0.658824
114	0.125000	0.156250	0.374323	0.772551	0.698039
115	0.093750	0.156250	0.366647	2.013158	0.827451
116	0.062500	0.156250	0.359311	5.094734	0.909804
117	0.031250	0.156250	0.347595	4.693598	0.960784
118	0.000000	0.156250	0.335746	2.170774	0.972549
119	-0.031250	0.156250	0.322011	4.746137	0.874510
120	-0.062500	0.156250	0.299849	4.691680	0.458824
121	-0.093750	0.156250	0.261931	2.907469	0.800000
122	-0.125000	0.156250	0.236251	2.731253	0.764706
123	-0.156250	0.156250	0.238276	4.055654	0.717647
124	-0.187500	0.156250	-0.070932	5.259636	0.125490
125	-0.218750	0.156250	-0.137734	4.187192	0.737255
126	-0.250000	0.156250	0.316313	5.092049	0.890196
127	-0.281250	0.156250	0.321785	4.740959	0.905882
128	-0.312500	0.156250	0.326765	1.619117	0.690196
129	-0.343750	0.156250	0.328947	3.675610	0.505882
130	-0.375000	0.156250	0.331129	3.911076	0.325490
131	-0.406250	0.156250	0.333317	0.230864	0.207843
132	-0.437500	0.156250	0.330154	4.935200	0.184314
133	-0.468750	0.156250	0.326185	1.092578	0.227451
134	-0.500000	0.156250	0.322295	2.561364	0.270588
135	-0.531250	0.156250	0.318404	3.266037	0.313726
136	-0.562500	0.156250	0.314514	0.487998	0.356863
137	-0.593750	0.156250	0.310623	1.283175	0.400000
138	-0.625000	0.156250	0.307702	5.392709	0.447059
139	-0.656250	0.156250	0.305347	1.146075	0.494118
140	-0.687500	0.156250	0.302172	0.687223	0.568627
141	-0.718750	0.156250	0.299836	0.493750	0.588235
142	0.531250	0.125000	0.522091	5.784066	0.419608
143	0.500000	0.125000	0.524601	5.776205	0.807843
144	0.468750	0.125000	0.507191	1.493522	0.917647
145	0.437500	0.125000	0.481461	4.518532	0.909804
146	0.406250	0.125000	0.450383	5.919632	0.815686
147	0.375000	0.125000	0.413298	1.182891	0.760784
148	0.343750	0.125000	0.383177	5.415719	0.749020
149	0.312500	0.125000	0.355201	2.335869	0.792157
150	0.281250	0.125000	0.325845	0.545330	0.811765
151	0.250000	0.125000	0.295989	2.715721	0.815686
152	0.218750	0.125000	0.265363	0.929592	0.788235
153	0.187500	0.125000	0.249843	4.208284	0.466667
154	0.156250	0.125000	0.278944	4.623034	0.172549
155	0.125000	0.125000	0.298830	5.470751	0.196078
156	0.093750	0.125000	0.311127	4.937693	0.560784
157	0.062500	0.125000	0.312275	5.034717	0.588235
158	0.031250	0.125000	0.314259	0.591925	0.639216
159	0.000000	0.125000	0.309261	4.738275	0.713726
160	-0.031250	0.125000	0.302379	1.569838	0.756863
161	-0.062500	0.125000	0.296627	0.779262	0.764706
162	-0.093750	0.125000	0.283854	4.530996	0.752941
163	-0.125000	0.125000	0.260942	4.238964	0.654902
164	-0.156250	0.125000	0.259405	3.319343	0.584314
165	-0.187500	0.125000	0.261599	0.444087	0.568627
166	-0.218750	0.125000	0.258822	1.270520	0.376471
167	-0.250000	0.125000	0.255140	0.173148	0.352941
168	-0.281250	0.125000	0.251458	4.986588	0.329412
169	-0.312500	0.125000	0.247776	4.332537	0.301961
170	-0.343750	0.125000	0.244094	4.297064	0.278431
171	-0.375000	0.125000	0.240139	1.360833	0.298039
172	-0.406250	0.125000	0.236156	6.161042	0.329412
173	-0.437500	0.125000	0.232170	4.167826	0.368627
174	-0.468750	0.125000	0.228184	3.063551	0.411765
175	-0.500000	0.125000	0.224465	4.381624	0.447059
176	-0.531250	0.125000	0.221582	4.653522	0.447059
177	-0.562500	0.125000	0.218699	0.944549	0.443137
178	-0.593750	0.125000	0.215816	3.281952	0.439216
179	0.468750	0.093750	0.468380	2.842275	0.698039
180	0.437500	0.093750	0.458835	4.669629	0.611765
181	0.406250	0.093750	0.435282	1.832915	0.717647
182	0.375000	0.093750	0.408955	4.497248	0.752941
183	0.343750	0.093750	0.375880	6.228154	0.886275
184	0.312500	0.093750	0.339859	4.966263	0.537255
185	0.281250	0.093750	0.304190	4.577207	0.698039
186	0.250000	0.093750	0.273425	1.134954	0.749020
187	0.218750	0.093750	0.247566	2.955406	0.760784
188	0.187500	0.093750	0.220764	4.496289	0.756863
189	0.156250	0.093750	0.190656	6.106010	0.752941
190	0.125000	0.093750	0.191500	2.116894	0.552941
191	0.093750	0.093750	0.227217	0.158575	0.458824
192	0.062500	0.093750	0.234811	3.351940	0.403922
193	0.031250	0.093750	0.242603	6.100833	0.415686
194	0.000000	0.093750	0.249095	4.446052	0.470588
195	-0.031250	0.093750	0.251364	5.713887	0.525490
196	-0.062500	0.093750	0.244699	5.096076	0.549020
197	-0.093750	0.093750	0.235360	4.536556	0.556863
198	-0.125000	0.093750	0.218201	3.813668	0.552941
199	-0.156250	0.093750	0.170784	3.355775	0.517647
200	-0.187500	0.093750	0.165293	4.576056	0.439216
201	-0.218750	0.093750	0.161611	1.641743	0.415686
202	-0.250000	0.093750	0.157929	2.766534	0.392157
203	-0.281250	0.093750	0.154103	0.009971	0.388235
204	-0.312500	0.093750	0.150123	5.004229	0.411765
205	-0.343750	0.093750	0.145999	5.576595	0.419608
206	-0.375000	0.093750	0.142166	5.238161	0.419608
207	-0.406250	0.093750	0.138525	1.425260	0.419608
208	-0.437500	0.093750	0.134883	4.422275	0.419608
209	0.468750	0.062500	-0.035670	6.007836	0.603922
210	0.437500	0.062500	0.094223	1.963687	0.243137
211	0.406250	0.062500	0.118867	1.510588	0.435294
212	0.375000	0.062500	0.118725	1.615090	0.854902
213	0.343750	0.062500	0.324156	0.563163	0.352941
214	0.312500	0.062500	0.311284	4.698583	0.466667
215	0.281250	0.062500	0.285462	4.820535	0.654902
216	0.250000	0.062500	0.256521	5.571802	0.698039
217	0.218750	0.062500	0.224030	0.926141	0.733333
218	0.187500	0.062500	0.190547	1.812973	0.721569
219	0.156250	0.062500	0.166989	4.233595	0.709804
220	0.125000	0.062500	0.140682	4.314129	0.701961
221	0.093750	0.062500	0.110811	5.024938	0.670588
222	0.062500	0.062500	0.114317	6.278392	0.368627
223	0.031250	0.062500	0.129255	2.382272	0.443137
224	0.000000	0.062500	0.146356	2.852821	0.415686
225	-0.031250	0.062500	0.159689	0.304303	0.380392
226	-0.062500	0.062500	0.153852	5.790202	0.384314
227	-0.093750	0.062500	0.153992	5.163379	0.615686
228	-0.125000	0.062500	0.117817	4.410578	0.709804
229	-0.156250	0.062500	0.069171	3.384920	0.250980
230	-0.187500	0.062500	0.031732	4.888030	0.541176
231	-0.218750	0.062500	0.063368	0.485121	0.454902
232	-0.250000	0.062500	0.058821	0.690291	0.439216
233	-0.281250	0.062500	0.054274	0.038158	0.419608
234	-0.312500	0.062500	0.050285	0.234507	0.419608
235	-0.343750	0.062500	-0.139420	1.380774	0.568627
236	-0.375000	0.062500	-0.175117	2.406241	0.611765
237	-0.406250	0.062500	-0.221811	4.405593	0.368627
238	0.406250	0.031250	0.019367	3.519719	0.219608
239	0.375000	0.031250	0.048132	3.280418	0.435294
240	0.343750	0.031250	0.052964	6.210321	0.505882
241	0.312500	0.031250	0.055162	0.863439	0.729412
242	0.281250	0.031250	0.061491	3.411190	0.325490
243	0.250000	0.031250	0.038570	3.684430	0.572549
244	0.218750	0.031250	0.042523	4.632622	0.537255
245	0.187500	0.031250	0.032454	0.028187	0.521569
246	0.156250	0.031250	0.024833	6.154715	0.533333
247	0.125000	0.031250	0.108307	3.148112	0.862745
248	0.093750	0.031250	0.068079	4.278464	0.427451
249	0.062500	0.031250	0.044456	3.715493	0.549020
250	0.031250	0.031250	0.022015	2.262046	0.490196
251	0.000000	0.031250	0.018677	3.873110	0.380392
252	-0.031250	0.031250	0.029798	1.824862	0.337255
253	-0.062500	0.031250	0.030976	3.538318	0.337255
254	-0.093750	0.031250	0.007363	5.171625	0.301961
255	-0.125000	0.031250	-0.018142	0.209964	0.247059
256	-0.156250	0.031250	-0.043655	2.439413	0.443137
257	-0.187500	0.031250	-0.045685	2.734704	0.529412
258	-0.218750	0.031250	-0.047803	3.039391	0.580392
259	-0.250000	0.031250	-0.051990	2.505949	0.674510
260	-0.281250	0.031250	-0.056173	5.028581	0.737255
261	-0.312500	0.031250	-0.073359	3.694593	0.823529
262	-0.343750	0.031250	-0.105468	0.957587	0.788235
263	-0.375000	0.031250	-0.115317	0.635068	0.490196
264	-0.406250	0.031250	-0.116695	1.243483	0.494118
265	-0.437500	0.031250	-0.118500	1.048668	0.584314
266	-0.468750	0.031250	-0.120698	1.044257	0.592157
267	-0.500000	0.031250	-0.122896	2.888869	0.600000
268	-0.531250	0.031250	-0.125132	0.611291	0.623529
269	-0.562500	0.031250	-0.127430	4.463884	0.619608
270	-0.593750	0.031250	-0.129728	3.453758	0.615686
271	-0.625000	0.031250	-0.132027	0.023968	0.615686
272	0.375000	0.000000	-0.058540	3.058182	0.184314
273	0.343750	0.000000	-0.025787	5.347457	0.364706
274	0.312500	0.000000	-0.014976	1.413563	0.450980
275	0.281250	0.000000	-0.012211	2.704408	0.533333
276	0.250000	0.000000	-0.015486	0.307371	0.549020
277	0.218750	0.000000	-0.023120	5.853096	0.501961
278	0.187500	0.000000	-0.032585	3.071605	0.458824
279	0.156250	0.000000	-0.042433	2.136260	0.447059
280	0.125000	0.000000	-0.049428	2.815047	0.803922
281	0.093750	0.000000	-0.058494	5.537287	0.466667
282	0.062500	0.000000	-0.063211	2.996056	0.486275
283	0.031250	0.000000	-0.079906	2.136452	0.376471
284	-0.000000	0.000000	-0.094232	4.083265	0.364706
285	-0.031250	0.000000	-0.096297	1.233896	0.333333
286	-0.062500	0.000000	-0.103263	5.225698	0.427451
287	-0.093750	0.000000	-0.114895	3.844156	0.411765
288	-0.125000	0.000000	-0.118824	4.674998	0.419608
289	-0.156250	0.000000	-0.125193	2.302889	0.384314
290	-0.187500	0.000000	-0.137727	1.861869	0.345098
291	-0.218750	0.000000	-0.081259	3.354816	0.913725
292	-0.250000	0.000000	-0.096793	1.487578	0.623529
293	-0.281250	0.000000	-0.096309	3.727381	0.725490
294	-0.312500	0.000000	-0.106225	2.820224	0.764706
295	-0.343750	0.000000	-0.124409	2.864901	0.788235
296	-0.375000	0.000000	-0.148520	1.779034	0.796078
297	-0.406250	0.000000	-0.176592	0.897570	0.788235
298	-0.437500	0.000000	-0.197896	1.880277	0.443137
299	-0.468750	0.000000	-0.199793	1.360066	0.443137
300	-0.500000	0.000000	-0.201691	5.201537	0.443137
301	-0.531250	0.000000	-0.203588	1.117121	0.447059
302	-0.562500	0.000000	-0.205485	6.069579	0.447059
303	-0.593750	0.000000	-0.207382	3.134690	0.447059
304	-0.625000	0.000000	-0.209464	0.768716	0.439216
305	-0.656250	0.000000	-0.211865	2.578238	0.435294
306	-0.687500	0.000000	-0.214362	0.951452	0.431373
307	-0.718750	0.000000	-0.217786	3.888833	0.431373
308	0.375000	-0.031250	-0.192302	3.695360	0.447059
309	0.343750	-0.031250	-0.179067	2.653595	0.486275
310	0.312500	-0.031250	-0.178760	3.989117	0.423529
311	0.281250	-0.031250	-0.120637	5.262129	0.219608
312	0.250000	-0.031250	-0.125271	3.106695	0.231373
313	0.218750	-0.031250	-0.108983	6.249246	0.211765
314	0.187500	-0.031250	-0.141295	3.154631	0.674510
315	0.156250	-0.031250	-0.222239	4.979877	0.800000
316	0.093750	-0.031250	-0.231127	2.632694	0.325490
317	0.062500	-0.031250	-0.223337	1.822177	0.317647
318	0.031250	-0.031250	-0.221733	2.070299	0.423529
319	-0.000000	-0.031250	-0.212174	0.907158	0.407843
320	-0.031250	-0.031250	-0.220700	6.036023	0.439216
321	-0.062500	-0.031250	-0.215350	1.468020	0.423529
322	-0.093750	-0.031250	-0.221712	0.268063	0.407843
323	-0.125000	-0.031250	-0.228075	0.167012	0.392157
324	-0.156250	-0.031250	-0.234462	4.229377	0.388235
325	-0.187500	-0.031250	-0.238410	5.868819	0.411765
326	-0.218750	-0.031250	-0.242405	4.191219	0.392157
327	-0.250000	-0.031250	-0.246364	2.503840	0.349020
328	-0.281250	-0.031250	-0.129046	4.320649	0.870588
329	-0.312500	-0.031250	-0.148379	3.075056	0.584314
330	-0.343750	-0.031250	-0.155723	4.336947	0.682353
331	-0.375000	-0.031250	-0.171506	5.598071	0.725490
332	-0.406250	-0.031250	-0.191616	6.247520	0.764706
333	-0.437500	-0.031250	-0.222419	0.137675	0.733333
334	-0.468750	-0.031250	-0.258672	1.597066	0.627451
335	-0.500000	-0.031250	-0.310486	1.510971	0.360784
336	-0.531250	-0.031250	-0.297680	5.341129	0.137255
337	-0.562500	-0.031250	-0.302944	1.788813	0.164706
338	-0.593750	-0.031250	-0.308079	5.631435	0.196078
339	0.437500	-0.062500	-0.300162	5.684166	0.321569
340	0.406250	-0.062500	-0.281063	1.774624	0.333333
341	0.375000	-0.062500	-0.273571	4.301666	0.313726
342	0.343750	-0.062500	-0.276303	0.364320	0.325490
343	0.312500	-0.062500	-0.279035	5.989620	0.337255
344	0.281250	-0.062500	-0.281768	0.991910	0.345098
345	0.250000	-0.062500	-0.284519	0.407272	0.360784
346	0.218750	-0.062500	-0.287507	0.502762	0.411765
347	0.187500	-0.062500	-0.290952	5.204797	0.427451
348	0.156250	-0.062500	-0.294813	4.920243	0.419608
349	0.125000	-0.062500	-0.298675	0.571024	0.411765
350	-0.000000	-0.062500	-0.290029	5.668443	0.435294
351	-0.031250	-0.062500	-0.267419	0.423187	0.894118
352	-0.062500	-0.062500	-0.278676	3.195282	0.678431
353	-0.093750	-0.062500	-0.288662	3.670624	0.749020
354	-0.125000	-0.062500	-0.308619	1.176947	0.662745
355	-0.156250	-0.062500	-0.333313	3.660653	0.596078
356	-0.187500	-0.062500	-0.339263	1.900986	0.541176
357	-0.218750	-0.062500	-0.343116	4.061022	0.490196
358	-0.250000	-0.062500	-0.346681	0.552808	0.423529
359	-0.281250	-0.062500	-0.349167	3.716452	0.756863
360	-0.312500	-0.062500	-0.155076	4.804620	0.850980
361	-0.343750	-0.062500	-0.192040	5.769302	0.811765
362	-0.375000	-0.062500	-0.214260	2.350059	0.509804
363	-0.406250	-0.062500	-0.228279	4.967797	0.588235
364	-0.437500	-0.062500	-0.251008	3.440911	0.603922
365	-0.468750	-0.062500	-0.290096	5.138260	0.439216
366	0.468750	-0.093750	-0.383309	0.883189	0.168627
367	0.437500	-0.093750	-0.369824	5.453877	0.219608
368	0.406250	-0.093750	-0.371112	4.121998	0.215686
369	0.375000	-0.093750	-0.373944	0.627782	0.243137
370	0.343750	-0.093750	-0.376932	5.118894	0.290196
371	0.312500	-0.093750	-0.379919	5.947052	0.341176
372	0.281250	-0.093750	-0.382905	3.710700	0.400000
373	0.250000	-0.093750	-0.385805	3.659503	0.415686
374	0.218750	-0.093750	-0.389140	4.271369	0.415686
375	0.187500	-0.093750	-0.392477	0.334791	0.415686
376	-0.000000	-0.093750	-0.476613	5.071341	0.427451
377	-0.031250	-0.093750	-0.467525	2.398379	0.435294
378	-0.062500	-0.093750	-0.296460	3.997170	0.901961
379	-0.093750	-0.093750	-0.324947	1.305993	0.827451
380	-0.125000	-0.093750	-0.338309	2.881966	0.717647
381	-0.156250	-0.093750	-0.355508	3.154440	0.764706
382	-0.187500	-0.093750	-0.378510	2.617738	0.745098
383	-0.218750	-0.093750	-0.409282	1.403209	0.705882
384	-0.250000	-0.093750	-0.445701	5.588292	0.603922
385	-0.281250	-0.093750	-0.455445	0.766799	0.372549
386	-0.312500	-0.093750	-0.148082	6.133239	0.909804
387	-0.343750	-0.093750	-0.177581	5.115059	0.811765
388	-0.375000	-0.093750	-0.216032	5.336911	0.800000
389	-0.406250	-0.093750	-0.254488	2.652828	0.792157
390	-0.437500	-0.093750	-0.294819	1.721126	0.741176
391	0.500000	-0.125000	-0.471793	0.654051	0.141176
392	0.468750	-0.125000	-0.466141	5.646775	0.196078
393	0.437500	-0.125000	-0.469329	1.867238	0.286275
394	0.406250	-0.125000	-0.472314	1.047709	0.349020
395	0.375000	-0.125000	-0.475299	0.811476	0.411765
396	0.343750	-0.125000	-0.478284	6.094697	0.474510
397	0.312500	-0.125000	-0.479762	5.004996	0.435294
398	0.281250	-0.125000	-0.482591	3.975311	0.415686
399	-0.000000	-0.125000	-0.569795	2.683508	0.427451
400	-0.031250	-0.125000	-0.559216	3.503229	0.431373
401	-0.062500	-0.125000	-0.555766	4.008292	0.435294
402	-0.093750	-0.125000	-0.325387	0.271515	0.901961
403	-0.125000	-0.125000	-0.357231	1.945855	0.843137
404	-0.156250	-0.125000	-0.387609	3.157508	0.815686
405	-0.187500	-0.125000	-0.409631	3.996020	0.639216
406	-0.218750	-0.125000	-0.434973	4.418632	0.611765
407	-0.250000	-0.125000	-0.473212	5.716380	0.470588
408	-0.343750	-0.125000	-0.165941	5.293001	0.866667
409	-0.375000	-0.125000	-0.201573	2.458780	0.800000
410	-0.406250	-0.125000	-0.240027	2.370959	0.788235
411	-0.437500	-0.125000	-0.280486	3.756144	0.380392
412	-0.468750	-0.125000	-0.326754	4.358039	0.596078
413	0.562500	-0.156250	-0.575604	0.520403	0.117647
414	0.531250	-0.156250	-0.560763	0.132689	0.172549
415	0.500000	-0.156250	-0.563954	5.409967	0.262745
416	0.468750	-0.156250	-0.567145	3.997554	0.352941
417	0.437500	-0.156250	-0.570336	4.443943	0.443137
418	0.406250	-0.156250	-0.572986	2.741224	0.517647
419	0.375000	-0.156250	-0.574764	1.503493	0.478431
420	0.343750	-0.156250	-0.576062	3.576860	0.419608
421	-0.031250	-0.156250	-0.650908	3.833226	0.431373
422	-0.062500	-0.156250	-0.648505	0.429515	0.427451
423	-0.093750	-0.156250	-0.326969	2.586100	0.976471
424	-0.125000	-0.156250	-0.351799	3.176682	0.847059
425	-0.156250	-0.156250	-0.386859	4.087292	0.831373
426	-0.187500	-0.156250	-0.421928	4.183741	0.803922
427	-0.218750	-0.156250	-0.457345	0.165478	0.772549
428	-0.375000	-0.156250	-0.187114	1.726495	0.800000
429	-0.406250	-0.156250	-0.225566	5.313901	0.788235
430	-0.437500	-0.156250	-0.263964	0.121951	0.831373
431	-0.468750	-0.156250	-0.309178	2.322639	0.568627
432	0.593750	-0.187500	-0.662812	3.789891	0.156863
433	0.562500	-0.187500	-0.658248	5.259061	0.231373
434	0.531250	-0.187500	-0.660306	3.138525	0.298039
435	0.500000	-0.187500	-0.662365	2.925493	0.364706
436	0.468750	-0.187500	-0.664558	3.390098	0.411765
437	0.437500	-0.187500	-0.667325	0.137291	0.305882
438	-0.031250	-0.187500	-0.744086	3.847799	0.403922
439	-0.062500	-0.187500	-0.743294	4.405785	0.403922
440	-0.093750	-0.187500	-0.745468	4.367435	0.407843
441	-0.125000	-0.187500	-0.348927	4.372804	0.882353
442	-0.156250	-0.187500	-0.381428	1.831957	0.831373
443	-0.187500	-0.187500	-0.416494	3.589132	0.811765
444	-0.218750	-0.187500	-0.452130	1.677216	0.976471
445	-0.250000	-0.187500	-0.493839	0.306604	0.811765
446	-0.375000	-0.187500	-0.176976	0.911568	0.882353
447	-0.406250	-0.187500	-0.211106	3.992952	0.784314
448	-0.437500	-0.187500	-0.249541	1.967714	0.796078
449	-0.468750	-0.187500	-0.291602	2.238653	0.537255
450	0.562500	-0.218750	-0.759189	2.362522	0.415686
451	0.531250	-0.218750	-0.756321	1.777117	0.352941
452	0.500000	-0.218750	-0.759707	1.564852	0.149020
453	-0.125000	-0.218750	-0.349818	1.348369	0.984314
454	-0.156250	-0.218750	-0.375997	3.745214	0.835294
455	-0.187500	-0.218750	-0.411060	2.485816	0.815686
456	-0.218750	-0.218750	-0.446086	0.202869	0.768627
457	-0.250000	-0.218750	-0.486614	0.996512	0.847059
458	-0.406250	-0.218750	-0.197114	1.570988	0.800000
459	-0.437500	-0.218750	-0.235100	3.193748	0.776471
460	-0.468750	-0.218750	-0.274026	0.042184	0.509804
461	-0.500000	-0.218750	-0.319068	3.198158	0.674510
462	-0.156250	-0.250000	-0.372467	5.471134	0.862745
463	-0.187500	-0.250000	-0.405626	3.480027	0.819608
464	-0.218750	-0.250000	-0.440662	5.483981	0.776471
465	-0.250000	-0.250000	-0.479389	4.973933	0.882353
466	-0.437500	-0.250000	-0.220639	5.545724	0.772549
467	-0.468750	-0.250000	-0.258951	4.975850	0.894118
468	-0.500000	-0.250000	-0.301933	4.738275	0.674510
469	-0.187500	-0.281250	-0.400194	3.598719	0.823529
470	-0.218750	-0.281250	-0.435238	1.084716	0.788235
471	-0.250000	-0.281250	-0.472164	0.077083	0.921569
472	-0.281250	-0.281250	-0.512509	5.201729	0.737255
473	-0.437500	-0.281250	-0.208018	0.340352	0.819608
474	-0.468750	-0.281250	-0.244528	0.930743	0.858824
475	-0.500000	-0.281250	-0.284798	3.816161	0.674510
476	-0.187500	-0.312500	-0.395871	3.071988	0.843137
477	-0.218750	-0.312500	-0.429815	1.707896	0.800000
478	-0.250000	-0.312500	-0.464939	3.136415	0.956863
479	-0.281250	-0.312500	-0.505273	3.820379	0.768627
480	-0.468750	-0.312500	-0.230552	3.240343	0.752941
481	-0.500000	-0.312500	-0.267589	1.518641	0.690196
482	-0.218750	-0.343750	-0.424391	2.419088	0.811765
483	-0.250000	-0.343750	-0.459277	1.730906	0.686275
484	-0.281250	-0.343750	-0.498036	1.299665	0.800000
485	-0.531250	-0.343750	-0.293854	5.633736	0.729412
486	-0.218750	-0.375000	-0.419275	1.652673	0.823529
487	-0.250000	-0.375000	-0.453853	2.161379	0.698039
488	-0.281250	-0.375000	-0.490800	6.013588	0.831373
489	-0.281250	-0.406250	-0.484266	0.993444	0.733333
